AT1G01180	0	0.0	0.12585929326164244	-1.2152432688965604	0.03540173775285076
AT1G01580	9	0.0	0.12585929326164244	0.15688811292885776	0.24814143306826442
AT1G02060	0	0.0	0.12585929326164244	-1.2152432688965604	0.03540173775285076
AT1G02730	0	0.0	0.12585929326164244	-1.2152432688965604	0.03540173775285076
AT1G03090	0	0.0	0.12585929326164244	-1.2152432688965604	0.03540173775285076
AT1G03410	9	0.0	0.12585929326164244	0.15688811292885776	0.24814143306826442
AT1G03620	54	0.0	-1.2954681985205296	0.11055661306654857	-0.1503572402835325
AT1G03630	54	0.0	-1.2954681985205296	0.11055661306654857	-0.1503572402835325
AT1G03820	54	0.0	-1.2954681985205296	0.11055661306654857	-0.1503572402835325
AT1G03850	0	0.0	0.12585929326164244	-1.2152432688965604	0.03540173775285076
AT1G03870	27	0.0	-0.06457612633423469	1.3231958698038728	0.03500941207091813
AT1G04220	54	0.0	-1.2954681985205296	0.11055661306654857	-0.1503572402835325
AT1G04240	27	0.0	-0.06457612633423469	1.3231958698038728	0.03500941207091813
AT1G04503	9	0.0	0.12585929326164244	0.15688811292885776	0.24814143306826442
AT1G04770	54	0.0	-1.2954681985205296	0.11055661306654857	-0.1503572402835325
AT1G05010	27	0.0	-0.06457612633423469	1.3231958698038728	0.03500941207091813
AT1G05370	54	0.0	-1.2954681985205296	0.11055661306654857	-0.1503572402835325
AT1G05575	9	0.0	0.12585929326164244	0.15688811292885776	0.24814143306826442
AT1G06000	54	0.0	-1.2954681985205296	0.11055661306654857	-0.1503572402835325
AT1G06040	54	0.0	-1.2954681985205296	0.11055661306654857	-0.1503572402835325
AT1G06080	9	0.0	0.12585929326164244	0.15688811292885776	0.24814143306826442
AT1G06160	9	0.0	0.12585929326164244	0.15688811292885776	0.24814143306826442
AT1G06350	27	0.0	-0.06457612633423469	1.3231958698038728	0.03500941207091813
AT1G06475	27	0.0	-0.06457612633423469	1.3231958698038728	0.03500941207091813
AT1G06570	0	0.0	0.12585929326164244	-1.2152432688965604	0.03540173775285076
AT1G06830	27	0.0	-0.06457612633423469	1.3231958698038728	0.03500941207091813
AT1G07150	27	0.0	-0.06457612633423469	1.3231958698038728	0.03500941207091813
AT1G07367	27	0.0	-0.06457612633423469	1.3231958698038728	0.03500941207091813
AT1G07373	9	0.0	0.12585929326164244	0.15688811292885776	0.24814143306826442
AT1G07730	54	0.0	-1.2954681985205296	0.11055661306654857	-0.1503572402835325
AT1G07737	9	0.0	0.12585929326164244	0.15688811292885776	0.24814143306826442
AT1G07750	27	0.0	-0.06457612633423469	1.3231958698038728	0.03500941207091813
AT1G07880	54	0.0	-1.2954681985205296	0.11055661306654857	-0.1503572402835325
AT1G08430	54	0.0	-1.2954681985205296	0.11055661306654857	-0.1503572402835325
AT1G08477	9	0.0	0.12585929326164244	0.15688811292885776	0.24814143306826442
AT1G08550	0	0.0	0.12585929326164244	-1.2152432688965604	0.03540173775285076
AT1G08560	0	0.0	0.12585929326164244	-1.2152432688965604	0.03540173775285076
AT1G08570	0	0.0	0.12585929326164244	-1.2152432688965604	0.03540173775285076
AT1G08930	27	0.0	-0.06457612633423469	1.3231958698038728	0.03500941207091813
AT1G09310	9	0.0	0.12585929326164244	0.15688811292885776	0.24814143306826442
AT1G09390	27	0.0	-0.06457612633423469	1.3231958698038728	0.03500941207091813
AT1G09530	27	0.0	-0.06457612633423469	1.3231958698038728	0.03500941207091813
AT1G09750	0	0.0	0.12585929326164244	-1.2152432688965604	0.03540173775285076
AT1G09780	27	0.0	-0.06457612633423469	1.3231958698038728	0.03500941207091813
AT1G10370	54	0.0	-1.2954681985205296	0.11055661306654857	-0.1503572402835325
AT1G10550	9	0.0	0.12585929326164244	0.15688811292885776	0.24814143306826442
AT1G10640	54	0.0	-1.2954681985205296	0.11055661306654857	-0.1503572402835325
AT1G10660	0	0.0	0.12585929326164244	-1.2152432688965604	0.03540173775285076
AT1G11175	0	0.0	0.12585929326164244	-1.2152432688965604	0.03540173775285076
AT1G11185	9	0.0	0.12585929326164244	0.15688811292885776	0.24814143306826442
AT1G11260	0	0.0	0.12585929326164244	-1.2152432688965604	0.03540173775285076
AT1G11330	27	0.0	-0.06457612633423469	1.3231958698038728	0.03500941207091813
AT1G11545	27	0.0	-0.06457612633423469	1.3231958698038728	0.03500941207091813
AT1G11700	27	0.0	-0.06457612633423469	1.3231958698038728	0.03500941207091813
AT1G12090	27	0.0	-0.06457612633423469	1.3231958698038728	0.03500941207091813
AT1G12110	27	0.0	-0.06457612633423469	1.3231958698038728	0.03500941207091813
AT1G13260	9	0.0	0.12585929326164244	0.15688811292885776	0.24814143306826442
AT1G14120	9	0.0	0.12585929326164244	0.15688811292885776	0.24814143306826442
AT1G14210	27	0.0	-0.06457612633423469	1.3231958698038728	0.03500941207091813
AT1G14730	54	0.0	-1.2954681985205296	0.11055661306654857	-0.1503572402835325
AT1G15040	9	0.0	0.12585929326164244	0.15688811292885776	0.24814143306826442
AT1G15410	27	0.0	-0.06457612633423469	1.3231958698038728	0.03500941207091813
AT1G15550	27	0.0	-0.06457612633423469	1.3231958698038728	0.03500941207091813
AT1G16130	27	0.0	-0.06457612633423469	1.3231958698038728	0.03500941207091813
AT1G16500	54	0.0	-1.2954681985205296	0.11055661306654857	-0.1503572402835325
AT1G16510	27	0.0	-0.06457612633423469	1.3231958698038728	0.03500941207091813
AT1G17345	9	0.0	0.12585929326164244	0.15688811292885776	0.24814143306826442
AT1G17830	27	0.0	-0.06457612633423469	1.3231958698038728	0.03500941207091813
AT1G17980	27	0.0	-0.06457612633423469	1.3231958698038728	0.03500941207091813
AT1G18000	9	0.0	0.12585929326164244	0.15688811292885776	0.24814143306826442
AT1G18010	9	0.0	0.12585929326164244	0.15688811292885776	0.24814143306826442
AT1G18020	9	0.0	0.12585929326164244	0.15688811292885776	0.24814143306826442
AT1G18100	9	0.0	0.12585929326164244	0.15688811292885776	0.24814143306826442
AT1G18140	54	0.0	-1.2954681985205296	0.11055661306654857	-0.1503572402835325
AT1G18290	27	0.0	-0.06457612633423469	1.3231958698038728	0.03500941207091813
AT1G18330	54	0.0	-1.2954681985205296	0.11055661306654857	-0.1503572402835325
AT1G18400	9	0.0	0.12585929326164244	0.15688811292885776	0.24814143306826442
AT1G18870	9	0.0	0.12585929326164244	0.15688811292885776	0.24814143306826442
AT1G19050	27	0.0	-0.06457612633423469	1.3231958698038728	0.03500941207091813
AT1G19180	27	0.0	-0.06457612633423469	1.3231958698038728	0.03500941207091813
AT1G19340	27	0.0	-0.06457612633423469	1.3231958698038728	0.03500941207091813
AT1G19450	27	0.0	-0.06457612633423469	1.3231958698038728	0.03500941207091813
AT1G19530	9	0.0	0.12585929326164244	0.15688811292885776	0.24814143306826442
AT1G19960	9	0.0	0.12585929326164244	0.15688811292885776	0.24814143306826442
AT1G20190	27	0.0	-0.06457612633423469	1.3231958698038728	0.03500941207091813
AT1G20630	0	0.0	0.12585929326164244	-1.2152432688965604	0.03540173775285076
AT1G20900	27	0.0	-0.06457612633423469	1.3231958698038728	0.03500941207091813
AT1G21110	54	0.0	-1.2954681985205296	0.11055661306654857	-0.1503572402835325
AT1G21130	9	0.0	0.12585929326164244	0.15688811292885776	0.24814143306826442
AT1G21270	27	0.0	-0.06457612633423469	1.3231958698038728	0.03500941207091813
AT1G21326	9	0.0	0.12585929326164244	0.15688811292885776	0.24814143306826442
AT1G21680	9	0.0	0.12585929326164244	0.15688811292885776	0.24814143306826442
AT1G21910	27	0.0	-0.06457612633423469	1.3231958698038728	0.03500941207091813
AT1G22150	9	0.0	0.12585929326164244	0.15688811292885776	0.24814143306826442
AT1G22180	27	0.0	-0.06457612633423469	1.3231958698038728	0.03500941207091813
AT1G22610	54	0.0	-1.2954681985205296	0.11055661306654857	-0.1503572402835325
AT1G22640	0	0.0	0.12585929326164244	-1.2152432688965604	0.03540173775285076
AT1G22650	54	0.0	-1.2954681985205296	0.11055661306654857	-0.1503572402835325
AT1G22770	9	0.0	0.12585929326164244	0.15688811292885776	0.24814143306826442
AT1G22890	0	0.0	0.12585929326164244	-1.2152432688965604	0.03540173775285076
AT1G23020	27	0.0	-0.06457612633423469	1.3231958698038728	0.03500941207091813
AT1G23080	27	0.0	-0.06457612633423469	1.3231958698038728	0.03500941207091813
AT1G23390	9	0.0	0.12585929326164244	0.15688811292885776	0.24814143306826442
AT1G23730	9	0.0	0.12585929326164244	0.15688811292885776	0.24814143306826442
AT1G24530	27	0.0	-0.06457612633423469	1.3231958698038728	0.03500941207091813
AT1G25145	9	0.0	0.12585929326164244	0.15688811292885776	0.24814143306826442
AT1G25230	27	0.0	-0.06457612633423469	1.3231958698038728	0.03500941207091813
AT1G25520	27	0.0	-0.06457612633423469	1.3231958698038728	0.03500941207091813
AT1G26665	0	0.0	0.12585929326164244	-1.2152432688965604	0.03540173775285076
AT1G26730	27	0.0	-0.06457612633423469	1.3231958698038728	0.03500941207091813
AT1G26800	0	0.0	0.12585929326164244	-1.2152432688965604	0.03540173775285076
AT1G27020	27	0.0	-0.06457612633423469	1.3231958698038728	0.03500941207091813
AT1G27030	27	0.0	-0.06457612633423469	1.3231958698038728	0.03500941207091813
AT1G27980	27	0.0	-0.06457612633423469	1.3231958698038728	0.03500941207091813
AT1G28330	9	0.0	0.12585929326164244	0.15688811292885776	0.24814143306826442
AT1G28370	27	0.0	-0.06457612633423469	1.3231958698038728	0.03500941207091813
AT1G28660	27	0.0	-0.06457612633423469	1.3231958698038728	0.03500941207091813
AT1G29090	9	0.0	0.12585929326164244	0.15688811292885776	0.24814143306826442
AT1G29640	9	0.0	0.12585929326164244	0.15688811292885776	0.24814143306826442
AT1G30210	9	0.0	0.12585929326164244	0.15688811292885776	0.24814143306826442
AT1G30280	27	0.0	-0.06457612633423469	1.3231958698038728	0.03500941207091813
AT1G30750	54	0.0	-1.2954681985205296	0.11055661306654857	-0.1503572402835325
AT1G30840	54	0.0	-1.2954681985205296	0.11055661306654857	-0.1503572402835325
AT1G31335	0	0.0	0.12585929326164244	-1.2152432688965604	0.03540173775285076
AT1G32190	27	0.0	-0.06457612633423469	1.3231958698038728	0.03500941207091813
AT1G33055	9	0.0	0.12585929326164244	0.15688811292885776	0.24814143306826442
AT1G33170	54	0.0	-1.2954681985205296	0.11055661306654857	-0.1503572402835325
AT1G33260	54	0.0	-1.2954681985205296	0.11055661306654857	-0.1503572402835325
AT1G33790	27	0.0	-0.06457612633423469	1.3231958698038728	0.03500941207091813
AT1G33800	27	0.0	-0.06457612633423469	1.3231958698038728	0.03500941207091813
AT1G34355	0	0.0	0.12585929326164244	-1.2152432688965604	0.03540173775285076
AT1G35250	54	0.0	-1.2954681985205296	0.11055661306654857	-0.1503572402835325
AT1G35290	9	0.0	0.12585929326164244	0.15688811292885776	0.24814143306826442
AT1G35320	27	0.0	-0.06457612633423469	1.3231958698038728	0.03500941207091813
AT1G35420	0	0.0	0.12585929326164244	-1.2152432688965604	0.03540173775285076
AT1G36280	27	0.0	-0.06457612633423469	1.3231958698038728	0.03500941207091813
AT1G41830	27	0.0	-0.06457612633423469	1.3231958698038728	0.03500941207091813
AT1G43160	9	0.0	0.12585929326164244	0.15688811292885776	0.24814143306826442
AT1G43800	9	0.0	0.12585929326164244	0.15688811292885776	0.24814143306826442
AT1G43910	27	0.0	-0.06457612633423469	1.3231958698038728	0.03500941207091813
AT1G44100	27	0.0	-0.06457612633423469	1.3231958698038728	0.03500941207091813
AT1G44800	27	0.0	-0.06457612633423469	1.3231958698038728	0.03500941207091813
AT1G46480	54	0.0	-1.2954681985205296	0.11055661306654857	-0.1503572402835325
AT1G47395	27	0.0	-0.06457612633423469	1.3231958698038728	0.03500941207091813
AT1G48100	0	0.0	0.12585929326164244	-1.2152432688965604	0.03540173775285076
AT1G49010	0	0.0	0.12585929326164244	-1.2152432688965604	0.03540173775285076
AT1G49032	0	0.0	0.12585929326164244	-1.2152432688965604	0.03540173775285076
AT1G49200	9	0.0	0.12585929326164244	0.15688811292885776	0.24814143306826442
AT1G49230	27	0.0	-0.06457612633423469	1.3231958698038728	0.03500941207091813
AT1G49570	9	0.0	0.12585929326164244	0.15688811292885776	0.24814143306826442
AT1G49620	27	0.0	-0.06457612633423469	1.3231958698038728	0.03500941207091813
AT1G49660	27	0.0	-0.06457612633423469	1.3231958698038728	0.03500941207091813
AT1G49720	0	0.0	0.12585929326164244	-1.2152432688965604	0.03540173775285076
AT1G52280	27	0.0	-0.06457612633423469	1.3231958698038728	0.03500941207091813
AT1G52342	9	0.0	0.12585929326164244	0.15688811292885776	0.24814143306826442
AT1G52820	9	0.0	0.12585929326164244	0.15688811292885776	0.24814143306826442
AT1G52870	0	0.0	0.12585929326164244	-1.2152432688965604	0.03540173775285076
AT1G53140	0	0.0	0.12585929326164244	-1.2152432688965604	0.03540173775285076
AT1G53180	27	0.0	-0.06457612633423469	1.3231958698038728	0.03500941207091813
AT1G53440	27	0.0	-0.06457612633423469	1.3231958698038728	0.03500941207091813
AT1G53490	27	0.0	-0.06457612633423469	1.3231958698038728	0.03500941207091813
AT1G53500	27	0.0	-0.06457612633423469	1.3231958698038728	0.03500941207091813
AT1G54540	54	0.0	-1.2954681985205296	0.11055661306654857	-0.1503572402835325
AT1G54740	0	0.0	0.12585929326164244	-1.2152432688965604	0.03540173775285076
AT1G55000	0	0.0	0.12585929326164244	-1.2152432688965604	0.03540173775285076
AT1G55120	27	0.0	-0.06457612633423469	1.3231958698038728	0.03500941207091813
AT1G55960	0	0.0	0.12585929326164244	-1.2152432688965604	0.03540173775285076
AT1G56170	27	0.0	-0.06457612633423469	1.3231958698038728	0.03500941207091813
AT1G56660	27	0.0	-0.06457612633423469	1.3231958698038728	0.03500941207091813
AT1G58290	0	0.0	0.12585929326164244	-1.2152432688965604	0.03540173775285076
AT1G60010	9	0.0	0.12585929326164244	0.15688811292885776	0.24814143306826442
AT1G60140	0	0.0	0.12585929326164244	-1.2152432688965604	0.03540173775285076
AT1G60270	54	0.0	-1.2954681985205296	0.11055661306654857	-0.1503572402835325
AT1G61260	27	0.0	-0.06457612633423469	1.3231958698038728	0.03500941207091813
AT1G61820	0	0.0	0.12585929326164244	-1.2152432688965604	0.03540173775285076
AT1G62290	9	0.0	0.12585929326164244	0.15688811292885776	0.24814143306826442
AT1G62380	27	0.0	-0.06457612633423469	1.3231958698038728	0.03500941207091813
AT1G62420	9	0.0	0.12585929326164244	0.15688811292885776	0.24814143306826442
AT1G62560	0	0.0	0.12585929326164244	-1.2152432688965604	0.03540173775285076
AT1G62790	27	0.0	-0.06457612633423469	1.3231958698038728	0.03500941207091813
AT1G62870	54	0.0	-1.2954681985205296	0.11055661306654857	-0.1503572402835325
AT1G62975	0	0.0	0.12585929326164244	-1.2152432688965604	0.03540173775285076
AT1G63940	27	0.0	-0.06457612633423469	1.3231958698038728	0.03500941207091813
AT1G64370	54	0.0	-1.2954681985205296	0.11055661306654857	-0.1503572402835325
AT1G64390	27	0.0	-0.06457612633423469	1.3231958698038728	0.03500941207091813
AT1G64500	9	0.0	0.12585929326164244	0.15688811292885776	0.24814143306826442
AT1G64590	54	0.0	-1.2954681985205296	0.11055661306654857	-0.1503572402835325
AT1G64640	27	0.0	-0.06457612633423469	1.3231958698038728	0.03500941207091813
AT1G64660	9	0.0	0.12585929326164244	0.15688811292885776	0.24814143306826442
AT1G64780	54	0.0	-1.2954681985205296	0.11055661306654857	-0.1503572402835325
AT1G64900	0	0.0	0.12585929326164244	-1.2152432688965604	0.03540173775285076
AT1G64980	27	0.0	-0.06457612633423469	1.3231958698038728	0.03500941207091813
AT1G65310	27	0.0	-0.06457612633423469	1.3231958698038728	0.03500941207091813
AT1G65490	0	0.0	0.12585929326164244	-1.2152432688965604	0.03540173775285076
AT1G65710	0	0.0	0.12585929326164244	-1.2152432688965604	0.03540173775285076
AT1G65840	27	0.0	-0.06457612633423469	1.3231958698038728	0.03500941207091813
AT1G65900	54	0.0	-1.2954681985205296	0.11055661306654857	-0.1503572402835325
AT1G65970	9	0.0	0.12585929326164244	0.15688811292885776	0.24814143306826442
AT1G66160	27	0.0	-0.06457612633423469	1.3231958698038728	0.03500941207091813
AT1G67360	9	0.0	0.12585929326164244	0.15688811292885776	0.24814143306826442
AT1G67830	54	0.0	-1.2954681985205296	0.11055661306654857	-0.1503572402835325
AT1G67900	54	0.0	-1.2954681985205296	0.11055661306654857	-0.1503572402835325
AT1G67910	9	0.0	0.12585929326164244	0.15688811292885776	0.24814143306826442
AT1G68330	27	0.0	-0.06457612633423469	1.3231958698038728	0.03500941207091813
AT1G68530	9	0.0	0.12585929326164244	0.15688811292885776	0.24814143306826442
AT1G68650	0	0.0	0.12585929326164244	-1.2152432688965604	0.03540173775285076
AT1G68850	54	0.0	-1.2954681985205296	0.11055661306654857	-0.1503572402835325
AT1G69030	27	0.0	-0.06457612633423469	1.3231958698038728	0.03500941207091813
AT1G69230	9	0.0	0.12585929326164244	0.15688811292885776	0.24814143306826442
AT1G69520	27	0.0	-0.06457612633423469	1.3231958698038728	0.03500941207091813
AT1G69530	27	0.0	-0.06457612633423469	1.3231958698038728	0.03500941207091813
AT1G69870	54	0.0	-1.2954681985205296	0.11055661306654857	-0.1503572402835325
AT1G69880	9	0.0	0.12585929326164244	0.15688811292885776	0.24814143306826442
AT1G70290	9	0.0	0.12585929326164244	0.15688811292885776	0.24814143306826442
AT1G70700	0	0.0	0.12585929326164244	-1.2152432688965604	0.03540173775285076
AT1G70830	9	0.0	0.12585929326164244	0.15688811292885776	0.24814143306826442
AT1G70850	0	0.0	0.12585929326164244	-1.2152432688965604	0.03540173775285076
AT1G71880	9	0.0	0.12585929326164244	0.15688811292885776	0.24814143306826442
AT1G72030	0	0.0	0.12585929326164244	-1.2152432688965604	0.03540173775285076
AT1G72060	0	0.0	0.12585929326164244	-1.2152432688965604	0.03540173775285076
AT1G72240	9	0.0	0.12585929326164244	0.15688811292885776	0.24814143306826442
AT1G72360	27	0.0	-0.06457612633423469	1.3231958698038728	0.03500941207091813
AT1G72416	27	0.0	-0.06457612633423469	1.3231958698038728	0.03500941207091813
AT1G72450	27	0.0	-0.06457612633423469	1.3231958698038728	0.03500941207091813
AT1G72610	54	0.0	-1.2954681985205296	0.11055661306654857	-0.1503572402835325
AT1G72770	0	0.0	0.12585929326164244	-1.2152432688965604	0.03540173775285076
AT1G72790	27	0.0	-0.06457612633423469	1.3231958698038728	0.03500941207091813
AT1G73120	9	0.0	0.12585929326164244	0.15688811292885776	0.24814143306826442
AT1G73260	0	0.0	0.12585929326164244	-1.2152432688965604	0.03540173775285076
AT1G73330	9	0.0	0.12585929326164244	0.15688811292885776	0.24814143306826442
AT1G73600	54	0.0	-1.2954681985205296	0.11055661306654857	-0.1503572402835325
AT1G73630	54	0.0	-1.2954681985205296	0.11055661306654857	-0.1503572402835325
AT1G74310	27	0.0	-0.06457612633423469	1.3231958698038728	0.03500941207091813
AT1G74460	54	0.0	-1.2954681985205296	0.11055661306654857	-0.1503572402835325
AT1G74670	9	0.0	0.12585929326164244	0.15688811292885776	0.24814143306826442
AT1G74890	9	0.0	0.12585929326164244	0.15688811292885776	0.24814143306826442
AT1G75750	9	0.0	0.12585929326164244	0.15688811292885776	0.24814143306826442
AT1G75785	27	0.0	-0.06457612633423469	1.3231958698038728	0.03500941207091813
AT1G76040	27	0.0	-0.06457612633423469	1.3231958698038728	0.03500941207091813
AT1G76410	9	0.0	0.12585929326164244	0.15688811292885776	0.24814143306826442
AT1G76590	9	0.0	0.12585929326164244	0.15688811292885776	0.24814143306826442
AT1G77120	9	0.0	0.12585929326164244	0.15688811292885776	0.24814143306826442
AT1G77450	0	0.0	0.12585929326164244	-1.2152432688965604	0.03540173775285076
AT1G77520	9	0.0	0.12585929326164244	0.15688811292885776	0.24814143306826442
AT1G77530	9	0.0	0.12585929326164244	0.15688811292885776	0.24814143306826442
AT1G77760	54	0.0	-1.2954681985205296	0.11055661306654857	-0.1503572402835325
AT1G78070	54	0.0	-1.2954681985205296	0.11055661306654857	-0.1503572402835325
AT1G78270	9	0.0	0.12585929326164244	0.15688811292885776	0.24814143306826442
AT1G78340	9	0.0	0.12585929326164244	0.15688811292885776	0.24814143306826442
AT1G78450	0	0.0	0.12585929326164244	-1.2152432688965604	0.03540173775285076
AT1G78530	54	0.0	-1.2954681985205296	0.11055661306654857	-0.1503572402835325
AT1G78990	54	0.0	-1.2954681985205296	0.11055661306654857	-0.1503572402835325
AT1G80160	9	0.0	0.12585929326164244	0.15688811292885776	0.24814143306826442
AT1G80310	9	0.0	0.12585929326164244	0.15688811292885776	0.24814143306826442
AT1G80320	54	0.0	-1.2954681985205296	0.11055661306654857	-0.1503572402835325
AT1G80380	9	0.0	0.12585929326164244	0.15688811292885776	0.24814143306826442
AT1G80440	0	0.0	0.12585929326164244	-1.2152432688965604	0.03540173775285076
AT1G80920	9	0.0	0.12585929326164244	0.15688811292885776	0.24814143306826442
AT2G01010	9	0.0	0.12585929326164244	0.15688811292885776	0.24814143306826442
AT2G01180	27	0.0	-0.06457612633423469	1.3231958698038728	0.03500941207091813
AT2G01520	9	0.0	0.12585929326164244	0.15688811292885776	0.24814143306826442
AT2G01610	54	0.0	-1.2954681985205296	0.11055661306654857	-0.1503572402835325
AT2G01890	27	0.0	-0.06457612633423469	1.3231958698038728	0.03500941207091813
AT2G02170	27	0.0	-0.06457612633423469	1.3231958698038728	0.03500941207091813
AT2G02710	0	0.0	0.12585929326164244	-1.2152432688965604	0.03540173775285076
AT2G03090	54	0.0	-1.2954681985205296	0.11055661306654857	-0.1503572402835325
AT2G03200	54	0.0	-1.2954681985205296	0.11055661306654857	-0.1503572402835325
AT2G03590	27	0.0	-0.06457612633423469	1.3231958698038728	0.03500941207091813
AT2G04040	9	0.0	0.12585929326164244	0.15688811292885776	0.24814143306826442
AT2G05070	9	0.0	0.12585929326164244	0.15688811292885776	0.24814143306826442
AT2G05100	54	0.0	-1.2954681985205296	0.11055661306654857	-0.1503572402835325
AT2G05230	9	0.0	0.12585929326164244	0.15688811292885776	0.24814143306826442
AT2G05250	0	0.0	0.12585929326164244	-1.2152432688965604	0.03540173775285076
AT2G05380	9	0.0	0.12585929326164244	0.15688811292885776	0.24814143306826442
AT2G05440	54	0.0	-1.2954681985205296	0.11055661306654857	-0.1503572402835325
AT2G05510	9	0.0	0.12585929326164244	0.15688811292885776	0.24814143306826442
AT2G05520	9	0.0	0.12585929326164244	0.15688811292885776	0.24814143306826442
AT2G05540	0	0.0	0.12585929326164244	-1.2152432688965604	0.03540173775285076
AT2G07180	0	0.0	0.12585929326164244	-1.2152432688965604	0.03540173775285076
AT2G08650	0	0.0	0.12585929326164244	-1.2152432688965604	0.03540173775285076
AT2G08665	9	0.0	0.12585929326164244	0.15688811292885776	0.24814143306826442
AT2G14247	9	0.0	0.12585929326164244	0.15688811292885776	0.24814143306826442
AT2G14890	27	0.0	-0.06457612633423469	1.3231958698038728	0.03500941207091813
AT2G15570	27	0.0	-0.06457612633423469	1.3231958698038728	0.03500941207091813
AT2G15880	9	0.0	0.12585929326164244	0.15688811292885776	0.24814143306826442
AT2G15890	9	0.0	0.12585929326164244	0.15688811292885776	0.24814143306826442
AT2G15960	0	0.0	0.12585929326164244	-1.2152432688965604	0.03540173775285076
AT2G15970	9	0.0	0.12585929326164244	0.15688811292885776	0.24814143306826442
AT2G16060	9	0.0	0.12585929326164244	0.15688811292885776	0.24814143306826442
AT2G16890	9	0.0	0.12585929326164244	0.15688811292885776	0.24814143306826442
AT2G17450	0	0.0	0.12585929326164244	-1.2152432688965604	0.03540173775285076
AT2G17760	54	0.0	-1.2954681985205296	0.11055661306654857	-0.1503572402835325
AT2G18150	9	0.0	0.12585929326164244	0.15688811292885776	0.24814143306826442
AT2G18230	27	0.0	-0.06457612633423469	1.3231958698038728	0.03500941207091813
AT2G18328	54	0.0	-1.2954681985205296	0.11055661306654857	-0.1503572402835325
AT2G18700	9	0.0	0.12585929326164244	0.15688811292885776	0.24814143306826442
AT2G18910	27	0.0	-0.06457612633423469	1.3231958698038728	0.03500941207091813
AT2G19572	9	0.0	0.12585929326164244	0.15688811292885776	0.24814143306826442
AT2G19800	0	0.0	0.12585929326164244	-1.2152432688965604	0.03540173775285076
AT2G19810	0	0.0	0.12585929326164244	-1.2152432688965604	0.03540173775285076
AT2G20340	54	0.0	-1.2954681985205296	0.11055661306654857	-0.1503572402835325
AT2G20635	0	0.0	0.12585929326164244	-1.2152432688965604	0.03540173775285076
AT2G20670	9	0.0	0.12585929326164244	0.15688811292885776	0.24814143306826442
AT2G20750	27	0.0	-0.06457612633423469	1.3231958698038728	0.03500941207091813
AT2G21100	54	0.0	-1.2954681985205296	0.11055661306654857	-0.1503572402835325
AT2G21185	0	0.0	0.12585929326164244	-1.2152432688965604	0.03540173775285076
AT2G21590	27	0.0	-0.06457612633423469	1.3231958698038728	0.03500941207091813
AT2G22240	54	0.0	-1.2954681985205296	0.11055661306654857	-0.1503572402835325
AT2G22450	0	0.0	0.12585929326164244	-1.2152432688965604	0.03540173775285076
AT2G22470	27	0.0	-0.06457612633423469	1.3231958698038728	0.03500941207091813
AT2G22500	27	0.0	-0.06457612633423469	1.3231958698038728	0.03500941207091813
AT2G22510	54	0.0	-1.2954681985205296	0.11055661306654857	-0.1503572402835325
AT2G22540	0	0.0	0.12585929326164244	-1.2152432688965604	0.03540173775285076
AT2G22590	54	0.0	-1.2954681985205296	0.11055661306654857	-0.1503572402835325
AT2G22860	9	0.0	0.12585929326164244	0.15688811292885776	0.24814143306826442
AT2G23010	9	0.0	0.12585929326164244	0.15688811292885776	0.24814143306826442
AT2G23540	54	0.0	-1.2954681985205296	0.11055661306654857	-0.1503572402835325
AT2G23910	54	0.0	-1.2954681985205296	0.11055661306654857	-0.1503572402835325
AT2G24545	0	0.0	0.12585929326164244	-1.2152432688965604	0.03540173775285076
AT2G24762	27	0.0	-0.06457612633423469	1.3231958698038728	0.03500941207091813
AT2G25000	27	0.0	-0.06457612633423469	1.3231958698038728	0.03500941207091813
AT2G25090	0	0.0	0.12585929326164244	-1.2152432688965604	0.03540173775285076
AT2G25450	9	0.0	0.12585929326164244	0.15688811292885776	0.24814143306826442
AT2G25510	9	0.0	0.12585929326164244	0.15688811292885776	0.24814143306826442
AT2G25530	54	0.0	-1.2954681985205296	0.11055661306654857	-0.1503572402835325
AT2G25900	9	0.0	0.12585929326164244	0.15688811292885776	0.24814143306826442
AT2G26500	0	0.0	0.12585929326164244	-1.2152432688965604	0.03540173775285076
AT2G26760	0	0.0	0.12585929326164244	-1.2152432688965604	0.03540173775285076
AT2G27402	54	0.0	-1.2954681985205296	0.11055661306654857	-0.1503572402835325
AT2G27690	27	0.0	-0.06457612633423469	1.3231958698038728	0.03500941207091813
AT2G28140	54	0.0	-1.2954681985205296	0.11055661306654857	-0.1503572402835325
AT2G28260	27	0.0	-0.06457612633423469	1.3231958698038728	0.03500941207091813
AT2G28470	54	0.0	-1.2954681985205296	0.11055661306654857	-0.1503572402835325
AT2G28570	9	0.0	0.12585929326164244	0.15688811292885776	0.24814143306826442
AT2G28671	54	0.0	-1.2954681985205296	0.11055661306654857	-0.1503572402835325
AT2G28780	27	0.0	-0.06457612633423469	1.3231958698038728	0.03500941207091813
AT2G28950	54	0.0	-1.2954681985205296	0.11055661306654857	-0.1503572402835325
AT2G29060	27	0.0	-0.06457612633423469	1.3231958698038728	0.03500941207091813
AT2G29630	0	0.0	0.12585929326164244	-1.2152432688965604	0.03540173775285076
AT2G29730	27	0.0	-0.06457612633423469	1.3231958698038728	0.03500941207091813
AT2G29740	27	0.0	-0.06457612633423469	1.3231958698038728	0.03500941207091813
AT2G29750	27	0.0	-0.06457612633423469	1.3231958698038728	0.03500941207091813
AT2G30210	54	0.0	-1.2954681985205296	0.11055661306654857	-0.1503572402835325
AT2G30600	0	0.0	0.12585929326164244	-1.2152432688965604	0.03540173775285076
AT2G30766	9	0.0	0.12585929326164244	0.15688811292885776	0.24814143306826442
AT2G30820	0	0.0	0.12585929326164244	-1.2152432688965604	0.03540173775285076
AT2G30870	27	0.0	-0.06457612633423469	1.3231958698038728	0.03500941207091813
AT2G31110	27	0.0	-0.06457612633423469	1.3231958698038728	0.03500941207091813
AT2G31380	54	0.0	-1.2954681985205296	0.11055661306654857	-0.1503572402835325
AT2G31390	27	0.0	-0.06457612633423469	1.3231958698038728	0.03500941207091813
AT2G31680	27	0.0	-0.06457612633423469	1.3231958698038728	0.03500941207091813
AT2G31810	0	0.0	0.12585929326164244	-1.2152432688965604	0.03540173775285076
AT2G31980	27	0.0	-0.06457612633423469	1.3231958698038728	0.03500941207091813
AT2G32150	0	0.0	0.12585929326164244	-1.2152432688965604	0.03540173775285076
AT2G32300	54	0.0	-1.2954681985205296	0.11055661306654857	-0.1503572402835325
AT2G32550	27	0.0	-0.06457612633423469	1.3231958698038728	0.03500941207091813
AT2G33770	54	0.0	-1.2954681985205296	0.11055661306654857	-0.1503572402835325
AT2G33830	9	0.0	0.12585929326164244	0.15688811292885776	0.24814143306826442
AT2G33850	9	0.0	0.12585929326164244	0.15688811292885776	0.24814143306826442
AT2G34180	9	0.0	0.12585929326164244	0.15688811292885776	0.24814143306826442
AT2G34420	9	0.0	0.12585929326164244	0.15688811292885776	0.24814143306826442
AT2G34600	0	0.0	0.12585929326164244	-1.2152432688965604	0.03540173775285076
AT2G34810	9	0.0	0.12585929326164244	0.15688811292885776	0.24814143306826442
AT2G35290	27	0.0	-0.06457612633423469	1.3231958698038728	0.03500941207091813
AT2G35380	54	0.0	-1.2954681985205296	0.11055661306654857	-0.1503572402835325
AT2G35760	27	0.0	-0.06457612633423469	1.3231958698038728	0.03500941207091813
AT2G36100	54	0.0	-1.2954681985205296	0.11055661306654857	-0.1503572402835325
AT2G36430	0	0.0	0.12585929326164244	-1.2152432688965604	0.03540173775285076
AT2G36490	0	0.0	0.12585929326164244	-1.2152432688965604	0.03540173775285076
AT2G36570	54	0.0	-1.2954681985205296	0.11055661306654857	-0.1503572402835325
AT2G36870	54	0.0	-1.2954681985205296	0.11055661306654857	-0.1503572402835325
AT2G36885	0	0.0	0.12585929326164244	-1.2152432688965604	0.03540173775285076
AT2G37180	9	0.0	0.12585929326164244	0.15688811292885776	0.24814143306826442
AT2G37870	9	0.0	0.12585929326164244	0.15688811292885776	0.24814143306826442
AT2G38110	0	0.0	0.12585929326164244	-1.2152432688965604	0.03540173775285076
AT2G38180	27	0.0	-0.06457612633423469	1.3231958698038728	0.03500941207091813
AT2G38210	0	0.0	0.12585929326164244	-1.2152432688965604	0.03540173775285076
AT2G38230	0	0.0	0.12585929326164244	-1.2152432688965604	0.03540173775285076
AT2G38280	27	0.0	-0.06457612633423469	1.3231958698038728	0.03500941207091813
AT2G38310	27	0.0	-0.06457612633423469	1.3231958698038728	0.03500941207091813
AT2G38380	54	0.0	-1.2954681985205296	0.11055661306654857	-0.1503572402835325
AT2G38530	9	0.0	0.12585929326164244	0.15688811292885776	0.24814143306826442
AT2G38640	27	0.0	-0.06457612633423469	1.3231958698038728	0.03500941207091813
AT2G38800	0	0.0	0.12585929326164244	-1.2152432688965604	0.03540173775285076
AT2G38820	0	0.0	0.12585929326164244	-1.2152432688965604	0.03540173775285076
AT2G38870	9	0.0	0.12585929326164244	0.15688811292885776	0.24814143306826442
AT2G39000	0	0.0	0.12585929326164244	-1.2152432688965604	0.03540173775285076
AT2G39130	27	0.0	-0.06457612633423469	1.3231958698038728	0.03500941207091813
AT2G39180	27	0.0	-0.06457612633423469	1.3231958698038728	0.03500941207091813
AT2G39220	54	0.0	-1.2954681985205296	0.11055661306654857	-0.1503572402835325
AT2G39310	0	0.0	0.12585929326164244	-1.2152432688965604	0.03540173775285076
AT2G39400	9	0.0	0.12585929326164244	0.15688811292885776	0.24814143306826442
AT2G39430	54	0.0	-1.2954681985205296	0.11055661306654857	-0.1503572402835325
AT2G39510	27	0.0	-0.06457612633423469	1.3231958698038728	0.03500941207091813
AT2G39570	9	0.0	0.12585929326164244	0.15688811292885776	0.24814143306826442
AT2G39650	27	0.0	-0.06457612633423469	1.3231958698038728	0.03500941207091813
AT2G39980	9	0.0	0.12585929326164244	0.15688811292885776	0.24814143306826442
AT2G40130	9	0.0	0.12585929326164244	0.15688811292885776	0.24814143306826442
AT2G40300	9	0.0	0.12585929326164244	0.15688811292885776	0.24814143306826442
AT2G40370	54	0.0	-1.2954681985205296	0.11055661306654857	-0.1503572402835325
AT2G40460	0	0.0	0.12585929326164244	-1.2152432688965604	0.03540173775285076
AT2G40610	27	0.0	-0.06457612633423469	1.3231958698038728	0.03500941207091813
AT2G40940	27	0.0	-0.06457612633423469	1.3231958698038728	0.03500941207091813
AT2G41190	27	0.0	-0.06457612633423469	1.3231958698038728	0.03500941207091813
AT2G41230	27	0.0	-0.06457612633423469	1.3231958698038728	0.03500941207091813
AT2G41240	9	0.0	0.12585929326164244	0.15688811292885776	0.24814143306826442
AT2G41410	27	0.0	-0.06457612633423469	1.3231958698038728	0.03500941207091813
AT2G41480	54	0.0	-1.2954681985205296	0.11055661306654857	-0.1503572402835325
AT2G41990	27	0.0	-0.06457612633423469	1.3231958698038728	0.03500941207091813
AT2G42247	54	0.0	-1.2954681985205296	0.11055661306654857	-0.1503572402835325
AT2G42320	27	0.0	-0.06457612633423469	1.3231958698038728	0.03500941207091813
AT2G42610	54	0.0	-1.2954681985205296	0.11055661306654857	-0.1503572402835325
AT2G42870	27	0.0	-0.06457612633423469	1.3231958698038728	0.03500941207091813
AT2G43100	0	0.0	0.12585929326164244	-1.2152432688965604	0.03540173775285076
AT2G43120	27	0.0	-0.06457612633423469	1.3231958698038728	0.03500941207091813
AT2G43140	9	0.0	0.12585929326164244	0.15688811292885776	0.24814143306826442
AT2G43510	9	0.0	0.12585929326164244	0.15688811292885776	0.24814143306826442
AT2G43535	9	0.0	0.12585929326164244	0.15688811292885776	0.24814143306826442
AT2G43540	0	0.0	0.12585929326164244	-1.2152432688965604	0.03540173775285076
AT2G43590	54	0.0	-1.2954681985205296	0.11055661306654857	-0.1503572402835325
AT2G44080	9	0.0	0.12585929326164244	0.15688811292885776	0.24814143306826442
AT2G44230	54	0.0	-1.2954681985205296	0.11055661306654857	-0.1503572402835325
AT2G44300	27	0.0	-0.06457612633423469	1.3231958698038728	0.03500941207091813
AT2G44940	54	0.0	-1.2954681985205296	0.11055661306654857	-0.1503572402835325
AT2G45210	27	0.0	-0.06457612633423469	1.3231958698038728	0.03500941207091813
AT2G45220	0	0.0	0.12585929326164244	-1.2152432688965604	0.03540173775285076
AT2G45560	0	0.0	0.12585929326164244	-1.2152432688965604	0.03540173775285076
AT2G45660	54	0.0	-1.2954681985205296	0.11055661306654857	-0.1503572402835325
AT2G45680	9	0.0	0.12585929326164244	0.15688811292885776	0.24814143306826442
AT2G45685	27	0.0	-0.06457612633423469	1.3231958698038728	0.03500941207091813
AT2G46630	27	0.0	-0.06457612633423469	1.3231958698038728	0.03500941207091813
AT2G46790	9	0.0	0.12585929326164244	0.15688811292885776	0.24814143306826442
AT2G46830	54	0.0	-1.2954681985205296	0.11055661306654857	-0.1503572402835325
AT2G47000	27	0.0	-0.06457612633423469	1.3231958698038728	0.03500941207091813
AT2G47010	54	0.0	-1.2954681985205296	0.11055661306654857	-0.1503572402835325
AT2G47180	54	0.0	-1.2954681985205296	0.11055661306654857	-0.1503572402835325
AT2G47460	54	0.0	-1.2954681985205296	0.11055661306654857	-0.1503572402835325
AT2G47560	54	0.0	-1.2954681985205296	0.11055661306654857	-0.1503572402835325
AT2G47890	0	0.0	0.12585929326164244	-1.2152432688965604	0.03540173775285076
AT2G48130	54	0.0	-1.2954681985205296	0.11055661306654857	-0.1503572402835325
AT2G48140	54	0.0	-1.2954681985205296	0.11055661306654857	-0.1503572402835325
AT3G01205	9	0.0	0.12585929326164244	0.15688811292885776	0.24814143306826442
AT3G01310	0	0.0	0.12585929326164244	-1.2152432688965604	0.03540173775285076
AT3G01420	9	0.0	0.12585929326164244	0.15688811292885776	0.24814143306826442
AT3G01680	54	0.0	-1.2954681985205296	0.11055661306654857	-0.1503572402835325
AT3G01770	0	0.0	0.12585929326164244	-1.2152432688965604	0.03540173775285076
AT3G01970	9	0.0	0.12585929326164244	0.15688811292885776	0.24814143306826442
AT3G02230	27	0.0	-0.06457612633423469	1.3231958698038728	0.03500941207091813
AT3G02410	27	0.0	-0.06457612633423469	1.3231958698038728	0.03500941207091813
AT3G02480	27	0.0	-0.06457612633423469	1.3231958698038728	0.03500941207091813
AT3G02550	27	0.0	-0.06457612633423469	1.3231958698038728	0.03500941207091813
AT3G02790	9	0.0	0.12585929326164244	0.15688811292885776	0.24814143306826442
AT3G02870	27	0.0	-0.06457612633423469	1.3231958698038728	0.03500941207091813
AT3G02910	9	0.0	0.12585929326164244	0.15688811292885776	0.24814143306826442
AT3G04140	54	0.0	-1.2954681985205296	0.11055661306654857	-0.1503572402835325
AT3G05150	27	0.0	-0.06457612633423469	1.3231958698038728	0.03500941207091813
AT3G05630	27	0.0	-0.06457612633423469	1.3231958698038728	0.03500941207091813
AT3G05640	27	0.0	-0.06457612633423469	1.3231958698038728	0.03500941207091813
AT3G06390	54	0.0	-1.2954681985205296	0.11055661306654857	-0.1503572402835325
AT3G07350	0	0.0	0.12585929326164244	-1.2152432688965604	0.03540173775285076
AT3G07650	9	0.0	0.12585929326164244	0.15688811292885776	0.24814143306826442
AT3G07870	0	0.0	0.12585929326164244	-1.2152432688965604	0.03540173775285076
AT3G07990	27	0.0	-0.06457612633423469	1.3231958698038728	0.03500941207091813
AT3G08860	9	0.0	0.12585929326164244	0.15688811292885776	0.24814143306826442
AT3G09220	0	0.0	0.12585929326164244	-1.2152432688965604	0.03540173775285076
AT3G09440	27	0.0	-0.06457612633423469	1.3231958698038728	0.03500941207091813
AT3G10020	0	0.0	0.12585929326164244	-1.2152432688965604	0.03540173775285076
AT3G10040	27	0.0	-0.06457612633423469	1.3231958698038728	0.03500941207091813
AT3G10520	27	0.0	-0.06457612633423469	1.3231958698038728	0.03500941207091813
AT3G11280	27	0.0	-0.06457612633423469	1.3231958698038728	0.03500941207091813
AT3G11430	54	0.0	-1.2954681985205296	0.11055661306654857	-0.1503572402835325
AT3G11580	27	0.0	-0.06457612633423469	1.3231958698038728	0.03500941207091813
AT3G11600	0	0.0	0.12585929326164244	-1.2152432688965604	0.03540173775285076
AT3G12320	54	0.0	-1.2954681985205296	0.11055661306654857	-0.1503572402835325
AT3G12500	54	0.0	-1.2954681985205296	0.11055661306654857	-0.1503572402835325
AT3G12580	9	0.0	0.12585929326164244	0.15688811292885776	0.24814143306826442
AT3G12610	27	0.0	-0.06457612633423469	1.3231958698038728	0.03500941207091813
AT3G12710	27	0.0	-0.06457612633423469	1.3231958698038728	0.03500941207091813
AT3G12920	27	0.0	-0.06457612633423469	1.3231958698038728	0.03500941207091813
AT3G13700	9	0.0	0.12585929326164244	0.15688811292885776	0.24814143306826442
AT3G13710	9	0.0	0.12585929326164244	0.15688811292885776	0.24814143306826442
AT3G13784	54	0.0	-1.2954681985205296	0.11055661306654857	-0.1503572402835325
AT3G14200	27	0.0	-0.06457612633423469	1.3231958698038728	0.03500941207091813
AT3G14230	27	0.0	-0.06457612633423469	1.3231958698038728	0.03500941207091813
AT3G14420	9	0.0	0.12585929326164244	0.15688811292885776	0.24814143306826442
AT3G14590	27	0.0	-0.06457612633423469	1.3231958698038728	0.03500941207091813
AT3G14810	54	0.0	-1.2954681985205296	0.11055661306654857	-0.1503572402835325
AT3G15030	54	0.0	-1.2954681985205296	0.11055661306654857	-0.1503572402835325
AT3G15353	0	0.0	0.12585929326164244	-1.2152432688965604	0.03540173775285076
AT3G15450	9	0.0	0.12585929326164244	0.15688811292885776	0.24814143306826442
AT3G15540	27	0.0	-0.06457612633423469	1.3231958698038728	0.03500941207091813
AT3G15550	0	0.0	0.12585929326164244	-1.2152432688965604	0.03540173775285076
AT3G15620	9	0.0	0.12585929326164244	0.15688811292885776	0.24814143306826442
AT3G15630	9	0.0	0.12585929326164244	0.15688811292885776	0.24814143306826442
AT3G16400	54	0.0	-1.2954681985205296	0.11055661306654857	-0.1503572402835325
AT3G16450	0	0.0	0.12585929326164244	-1.2152432688965604	0.03540173775285076
AT3G16690	0	0.0	0.12585929326164244	-1.2152432688965604	0.03540173775285076
AT3G16770	9	0.0	0.12585929326164244	0.15688811292885776	0.24814143306826442
AT3G17390	27	0.0	-0.06457612633423469	1.3231958698038728	0.03500941207091813
AT3G17580	27	0.0	-0.06457612633423469	1.3231958698038728	0.03500941207091813
AT3G17790	27	0.0	-0.06457612633423469	1.3231958698038728	0.03500941207091813
AT3G18050	0	0.0	0.12585929326164244	-1.2152432688965604	0.03540173775285076
AT3G18080	54	0.0	-1.2954681985205296	0.11055661306654857	-0.1503572402835325
AT3G18280	27	0.0	-0.06457612633423469	1.3231958698038728	0.03500941207091813
AT3G18780	0	0.0	0.12585929326164244	-1.2152432688965604	0.03540173775285076
AT3G18900	54	0.0	-1.2954681985205296	0.11055661306654857	-0.1503572402835325
AT3G19050	0	0.0	0.12585929326164244	-1.2152432688965604	0.03540173775285076
AT3G19150	27	0.0	-0.06457612633423469	1.3231958698038728	0.03500941207091813
AT3G19200	9	0.0	0.12585929326164244	0.15688811292885776	0.24814143306826442
AT3G19680	27	0.0	-0.06457612633423469	1.3231958698038728	0.03500941207091813
AT3G19710	0	0.0	0.12585929326164244	-1.2152432688965604	0.03540173775285076
AT3G20370	0	0.0	0.12585929326164244	-1.2152432688965604	0.03540173775285076
AT3G20810	0	0.0	0.12585929326164244	-1.2152432688965604	0.03540173775285076
AT3G21330	27	0.0	-0.06457612633423469	1.3231958698038728	0.03500941207091813
AT3G21560	54	0.0	-1.2954681985205296	0.11055661306654857	-0.1503572402835325
AT3G21690	54	0.0	-1.2954681985205296	0.11055661306654857	-0.1503572402835325
AT3G21720	9	0.0	0.12585929326164244	0.15688811292885776	0.24814143306826442
AT3G21770	54	0.0	-1.2954681985205296	0.11055661306654857	-0.1503572402835325
AT3G21890	54	0.0	-1.2954681985205296	0.11055661306654857	-0.1503572402835325
AT3G22060	0	0.0	0.12585929326164244	-1.2152432688965604	0.03540173775285076
AT3G22120	9	0.0	0.12585929326164244	0.15688811292885776	0.24814143306826442
AT3G22550	27	0.0	-0.06457612633423469	1.3231958698038728	0.03500941207091813
AT3G22600	54	0.0	-1.2954681985205296	0.11055661306654857	-0.1503572402835325
AT3G22620	54	0.0	-1.2954681985205296	0.11055661306654857	-0.1503572402835325
AT3G22760	0	0.0	0.12585929326164244	-1.2152432688965604	0.03540173775285076
AT3G22840	9	0.0	0.12585929326164244	0.15688811292885776	0.24814143306826442
AT3G22880	0	0.0	0.12585929326164244	-1.2152432688965604	0.03540173775285076
AT3G22970	0	0.0	0.12585929326164244	-1.2152432688965604	0.03540173775285076
AT3G23150	9	0.0	0.12585929326164244	0.15688811292885776	0.24814143306826442
AT3G23290	9	0.0	0.12585929326164244	0.15688811292885776	0.24814143306826442
AT3G23570	0	0.0	0.12585929326164244	-1.2152432688965604	0.03540173775285076
AT3G23670	0	0.0	0.12585929326164244	-1.2152432688965604	0.03540173775285076
AT3G23800	9	0.0	0.12585929326164244	0.15688811292885776	0.24814143306826442
AT3G23880	9	0.0	0.12585929326164244	0.15688811292885776	0.24814143306826442
AT3G23890	0	0.0	0.12585929326164244	-1.2152432688965604	0.03540173775285076
AT3G24020	54	0.0	-1.2954681985205296	0.11055661306654857	-0.1503572402835325
AT3G24460	0	0.0	0.12585929326164244	-1.2152432688965604	0.03540173775285076
AT3G24520	54	0.0	-1.2954681985205296	0.11055661306654857	-0.1503572402835325
AT3G25190	9	0.0	0.12585929326164244	0.15688811292885776	0.24814143306826442
AT3G25290	27	0.0	-0.06457612633423469	1.3231958698038728	0.03500941207091813
AT3G25640	54	0.0	-1.2954681985205296	0.11055661306654857	-0.1503572402835325
AT3G25780	27	0.0	-0.06457612633423469	1.3231958698038728	0.03500941207091813
AT3G25820	54	0.0	-1.2954681985205296	0.11055661306654857	-0.1503572402835325
AT3G26040	54	0.0	-1.2954681985205296	0.11055661306654857	-0.1503572402835325
AT3G26460	9	0.0	0.12585929326164244	0.15688811292885776	0.24814143306826442
AT3G26580	0	0.0	0.12585929326164244	-1.2152432688965604	0.03540173775285076
AT3G26740	0	0.0	0.12585929326164244	-1.2152432688965604	0.03540173775285076
AT3G26840	27	0.0	-0.06457612633423469	1.3231958698038728	0.03500941207091813
AT3G27400	54	0.0	-1.2954681985205296	0.11055661306654857	-0.1503572402835325
AT3G28420	54	0.0	-1.2954681985205296	0.11055661306654857	-0.1503572402835325
AT3G28740	0	0.0	0.12585929326164244	-1.2152432688965604	0.03540173775285076
AT3G29360	27	0.0	-0.06457612633423469	1.3231958698038728	0.03500941207091813
AT3G29370	9	0.0	0.12585929326164244	0.15688811292885776	0.24814143306826442
AT3G32980	54	0.0	-1.2954681985205296	0.11055661306654857	-0.1503572402835325
AT3G43670	0	0.0	0.12585929326164244	-1.2152432688965604	0.03540173775285076
AT3G43800	27	0.0	-0.06457612633423469	1.3231958698038728	0.03500941207091813
AT3G44260	9	0.0	0.12585929326164244	0.15688811292885776	0.24814143306826442
AT3G44450	54	0.0	-1.2954681985205296	0.11055661306654857	-0.1503572402835325
AT3G44540	54	0.0	-1.2954681985205296	0.11055661306654857	-0.1503572402835325
AT3G44550	54	0.0	-1.2954681985205296	0.11055661306654857	-0.1503572402835325
AT3G44940	54	0.0	-1.2954681985205296	0.11055661306654857	-0.1503572402835325
AT3G44970	9	0.0	0.12585929326164244	0.15688811292885776	0.24814143306826442
AT3G44990	9	0.0	0.12585929326164244	0.15688811292885776	0.24814143306826442
AT3G45680	9	0.0	0.12585929326164244	0.15688811292885776	0.24814143306826442
AT3G45960	27	0.0	-0.06457612633423469	1.3231958698038728	0.03500941207091813
AT3G46110	27	0.0	-0.06457612633423469	1.3231958698038728	0.03500941207091813
AT3G47340	9	0.0	0.12585929326164244	0.15688811292885776	0.24814143306826442
AT3G47500	54	0.0	-1.2954681985205296	0.11055661306654857	-0.1503572402835325
AT3G47960	27	0.0	-0.06457612633423469	1.3231958698038728	0.03500941207091813
AT3G48100	27	0.0	-0.06457612633423469	1.3231958698038728	0.03500941207091813
AT3G48260	27	0.0	-0.06457612633423469	1.3231958698038728	0.03500941207091813
AT3G48350	54	0.0	-1.2954681985205296	0.11055661306654857	-0.1503572402835325
AT3G48360	9	0.0	0.12585929326164244	0.15688811292885776	0.24814143306826442
AT3G48690	0	0.0	0.12585929326164244	-1.2152432688965604	0.03540173775285076
AT3G48740	54	0.0	-1.2954681985205296	0.11055661306654857	-0.1503572402835325
AT3G49790	0	0.0	0.12585929326164244	-1.2152432688965604	0.03540173775285076
AT3G50340	27	0.0	-0.06457612633423469	1.3231958698038728	0.03500941207091813
AT3G50350	27	0.0	-0.06457612633423469	1.3231958698038728	0.03500941207091813
AT3G50400	54	0.0	-1.2954681985205296	0.11055661306654857	-0.1503572402835325
AT3G51238	54	0.0	-1.2954681985205296	0.11055661306654857	-0.1503572402835325
AT3G51330	0	0.0	0.12585929326164244	-1.2152432688965604	0.03540173775285076
AT3G51600	9	0.0	0.12585929326164244	0.15688811292885776	0.24814143306826442
AT3G52060	0	0.0	0.12585929326164244	-1.2152432688965604	0.03540173775285076
AT3G52070	0	0.0	0.12585929326164244	-1.2152432688965604	0.03540173775285076
AT3G52340	27	0.0	-0.06457612633423469	1.3231958698038728	0.03500941207091813
AT3G52540	0	0.0	0.12585929326164244	-1.2152432688965604	0.03540173775285076
AT3G52740	54	0.0	-1.2954681985205296	0.11055661306654857	-0.1503572402835325
AT3G52940	27	0.0	-0.06457612633423469	1.3231958698038728	0.03500941207091813
AT3G52950	27	0.0	-0.06457612633423469	1.3231958698038728	0.03500941207091813
AT3G53980	27	0.0	-0.06457612633423469	1.3231958698038728	0.03500941207091813
AT3G54000	27	0.0	-0.06457612633423469	1.3231958698038728	0.03500941207091813
AT3G54400	27	0.0	-0.06457612633423469	1.3231958698038728	0.03500941207091813
AT3G54820	54	0.0	-1.2954681985205296	0.11055661306654857	-0.1503572402835325
AT3G54880	0	0.0	0.12585929326164244	-1.2152432688965604	0.03540173775285076
AT3G54990	9	0.0	0.12585929326164244	0.15688811292885776	0.24814143306826442
AT3G55120	54	0.0	-1.2954681985205296	0.11055661306654857	-0.1503572402835325
AT3G55230	54	0.0	-1.2954681985205296	0.11055661306654857	-0.1503572402835325
AT3G55660	0	0.0	0.12585929326164244	-1.2152432688965604	0.03540173775285076
AT3G55980	27	0.0	-0.06457612633423469	1.3231958698038728	0.03500941207091813
AT3G56240	27	0.0	-0.06457612633423469	1.3231958698038728	0.03500941207091813
AT3G56290	54	0.0	-1.2954681985205296	0.11055661306654857	-0.1503572402835325
AT3G56380	9	0.0	0.12585929326164244	0.15688811292885776	0.24814143306826442
AT3G56400	9	0.0	0.12585929326164244	0.15688811292885776	0.24814143306826442
AT3G56730	54	0.0	-1.2954681985205296	0.11055661306654857	-0.1503572402835325
AT3G56970	9	0.0	0.12585929326164244	0.15688811292885776	0.24814143306826442
AT3G56980	9	0.0	0.12585929326164244	0.15688811292885776	0.24814143306826442
AT3G57020	0	0.0	0.12585929326164244	-1.2152432688965604	0.03540173775285076
AT3G57520	9	0.0	0.12585929326164244	0.15688811292885776	0.24814143306826442
AT3G57540	54	0.0	-1.2954681985205296	0.11055661306654857	-0.1503572402835325
AT3G57860	0	0.0	0.12585929326164244	-1.2152432688965604	0.03540173775285076
AT3G58650	0	0.0	0.12585929326164244	-1.2152432688965604	0.03540173775285076
AT3G59310	27	0.0	-0.06457612633423469	1.3231958698038728	0.03500941207091813
AT3G59340	0	0.0	0.12585929326164244	-1.2152432688965604	0.03540173775285076
AT3G59900	9	0.0	0.12585929326164244	0.15688811292885776	0.24814143306826442
AT3G59940	9	0.0	0.12585929326164244	0.15688811292885776	0.24814143306826442
AT3G60440	27	0.0	-0.06457612633423469	1.3231958698038728	0.03500941207091813
AT3G60450	27	0.0	-0.06457612633423469	1.3231958698038728	0.03500941207091813
AT3G61060	9	0.0	0.12585929326164244	0.15688811292885776	0.24814143306826442
AT3G61160	0	0.0	0.12585929326164244	-1.2152432688965604	0.03540173775285076
AT3G61210	9	0.0	0.12585929326164244	0.15688811292885776	0.24814143306826442
AT3G61380	27	0.0	-0.06457612633423469	1.3231958698038728	0.03500941207091813
AT3G61640	27	0.0	-0.06457612633423469	1.3231958698038728	0.03500941207091813
AT3G61920	54	0.0	-1.2954681985205296	0.11055661306654857	-0.1503572402835325
AT3G62150	27	0.0	-0.06457612633423469	1.3231958698038728	0.03500941207091813
AT3G62410	0	0.0	0.12585929326164244	-1.2152432688965604	0.03540173775285076
AT3G62570	27	0.0	-0.06457612633423469	1.3231958698038728	0.03500941207091813
AT3G62690	54	0.0	-1.2954681985205296	0.11055661306654857	-0.1503572402835325
AT3G62740	9	0.0	0.12585929326164244	0.15688811292885776	0.24814143306826442
AT3G62820	27	0.0	-0.06457612633423469	1.3231958698038728	0.03500941207091813
AT3G63210	0	0.0	0.12585929326164244	-1.2152432688965604	0.03540173775285076
AT4G01060	9	0.0	0.12585929326164244	0.15688811292885776	0.24814143306826442
AT4G02290	54	0.0	-1.2954681985205296	0.11055661306654857	-0.1503572402835325
AT4G02330	27	0.0	-0.06457612633423469	1.3231958698038728	0.03500941207091813
AT4G02700	27	0.0	-0.06457612633423469	1.3231958698038728	0.03500941207091813
AT4G02850	54	0.0	-1.2954681985205296	0.11055661306654857	-0.1503572402835325
AT4G03100	0	0.0	0.12585929326164244	-1.2152432688965604	0.03540173775285076
AT4G03140	27	0.0	-0.06457612633423469	1.3231958698038728	0.03500941207091813
AT4G03190	27	0.0	-0.06457612633423469	1.3231958698038728	0.03500941207091813
AT4G03270	0	0.0	0.12585929326164244	-1.2152432688965604	0.03540173775285076
AT4G03400	27	0.0	-0.06457612633423469	1.3231958698038728	0.03500941207091813
AT4G03510	0	0.0	0.12585929326164244	-1.2152432688965604	0.03540173775285076
AT4G04020	27	0.0	-0.06457612633423469	1.3231958698038728	0.03500941207091813
AT4G04330	0	0.0	0.12585929326164244	-1.2152432688965604	0.03540173775285076
AT4G04455	27	0.0	-0.06457612633423469	1.3231958698038728	0.03500941207091813
AT4G04630	0	0.0	0.12585929326164244	-1.2152432688965604	0.03540173775285076
AT4G04750	54	0.0	-1.2954681985205296	0.11055661306654857	-0.1503572402835325
AT4G04770	0	0.0	0.12585929326164244	-1.2152432688965604	0.03540173775285076
AT4G04840	54	0.0	-1.2954681985205296	0.11055661306654857	-0.1503572402835325
AT4G04955	27	0.0	-0.06457612633423469	1.3231958698038728	0.03500941207091813
AT4G05100	54	0.0	-1.2954681985205296	0.11055661306654857	-0.1503572402835325
AT4G05150	0	0.0	0.12585929326164244	-1.2152432688965604	0.03540173775285076
AT4G05190	0	0.0	0.12585929326164244	-1.2152432688965604	0.03540173775285076
AT4G08390	0	0.0	0.12585929326164244	-1.2152432688965604	0.03540173775285076
AT4G10270	9	0.0	0.12585929326164244	0.15688811292885776	0.24814143306826442
AT4G10380	27	0.0	-0.06457612633423469	1.3231958698038728	0.03500941207091813
AT4G11190	54	0.0	-1.2954681985205296	0.11055661306654857	-0.1503572402835325
AT4G11290	27	0.0	-0.06457612633423469	1.3231958698038728	0.03500941207091813
AT4G11320	9	0.0	0.12585929326164244	0.15688811292885776	0.24814143306826442
AT4G11360	0	0.0	0.12585929326164244	-1.2152432688965604	0.03540173775285076
AT4G12030	0	0.0	0.12585929326164244	-1.2152432688965604	0.03540173775285076
AT4G12470	9	0.0	0.12585929326164244	0.15688811292885776	0.24814143306826442
AT4G13040	27	0.0	-0.06457612633423469	1.3231958698038728	0.03500941207091813
AT4G13250	9	0.0	0.12585929326164244	0.15688811292885776	0.24814143306826442
AT4G13505	54	0.0	-1.2954681985205296	0.11055661306654857	-0.1503572402835325
AT4G13660	27	0.0	-0.06457612633423469	1.3231958698038728	0.03500941207091813
AT4G13770	9	0.0	0.12585929326164244	0.15688811292885776	0.24814143306826442
AT4G14060	9	0.0	0.12585929326164244	0.15688811292885776	0.24814143306826442
AT4G14465	27	0.0	-0.06457612633423469	1.3231958698038728	0.03500941207091813
AT4G14620	0	0.0	0.12585929326164244	-1.2152432688965604	0.03540173775285076
AT4G14690	54	0.0	-1.2954681985205296	0.11055661306654857	-0.1503572402835325
AT4G15248	9	0.0	0.12585929326164244	0.15688811292885776	0.24814143306826442
AT4G15480	54	0.0	-1.2954681985205296	0.11055661306654857	-0.1503572402835325
AT4G15760	0	0.0	0.12585929326164244	-1.2152432688965604	0.03540173775285076
AT4G15765	0	0.0	0.12585929326164244	-1.2152432688965604	0.03540173775285076
AT4G15990	9	0.0	0.12585929326164244	0.15688811292885776	0.24814143306826442
AT4G16000	0	0.0	0.12585929326164244	-1.2152432688965604	0.03540173775285076
AT4G16190	9	0.0	0.12585929326164244	0.15688811292885776	0.24814143306826442
AT4G16563	9	0.0	0.12585929326164244	0.15688811292885776	0.24814143306826442
AT4G16670	27	0.0	-0.06457612633423469	1.3231958698038728	0.03500941207091813
AT4G16980	54	0.0	-1.2954681985205296	0.11055661306654857	-0.1503572402835325
AT4G16983	54	0.0	-1.2954681985205296	0.11055661306654857	-0.1503572402835325
AT4G17030	27	0.0	-0.06457612633423469	1.3231958698038728	0.03500941207091813
AT4G17090	0	0.0	0.12585929326164244	-1.2152432688965604	0.03540173775285076
AT4G17670	27	0.0	-0.06457612633423469	1.3231958698038728	0.03500941207091813
AT4G18070	27	0.0	-0.06457612633423469	1.3231958698038728	0.03500941207091813
AT4G18390	9	0.0	0.12585929326164244	0.15688811292885776	0.24814143306826442
AT4G18440	27	0.0	-0.06457612633423469	1.3231958698038728	0.03500941207091813
AT4G19120	27	0.0	-0.06457612633423469	1.3231958698038728	0.03500941207091813
AT4G19230	27	0.0	-0.06457612633423469	1.3231958698038728	0.03500941207091813
AT4G19520	27	0.0	-0.06457612633423469	1.3231958698038728	0.03500941207091813
AT4G19645	54	0.0	-1.2954681985205296	0.11055661306654857	-0.1503572402835325
AT4G19810	27	0.0	-0.06457612633423469	1.3231958698038728	0.03500941207091813
AT4G20240	27	0.0	-0.06457612633423469	1.3231958698038728	0.03500941207091813
AT4G20390	54	0.0	-1.2954681985205296	0.11055661306654857	-0.1503572402835325
AT4G21400	27	0.0	-0.06457612633423469	1.3231958698038728	0.03500941207091813
AT4G21410	27	0.0	-0.06457612633423469	1.3231958698038728	0.03500941207091813
AT4G21680	9	0.0	0.12585929326164244	0.15688811292885776	0.24814143306826442
AT4G21870	27	0.0	-0.06457612633423469	1.3231958698038728	0.03500941207091813
AT4G22590	27	0.0	-0.06457612633423469	1.3231958698038728	0.03500941207091813
AT4G22730	54	0.0	-1.2954681985205296	0.11055661306654857	-0.1503572402835325
AT4G23670	9	0.0	0.12585929326164244	0.15688811292885776	0.24814143306826442
AT4G23680	9	0.0	0.12585929326164244	0.15688811292885776	0.24814143306826442
AT4G23750	27	0.0	-0.06457612633423469	1.3231958698038728	0.03500941207091813
AT4G24015	9	0.0	0.12585929326164244	0.15688811292885776	0.24814143306826442
AT4G24130	54	0.0	-1.2954681985205296	0.11055661306654857	-0.1503572402835325
AT4G24140	54	0.0	-1.2954681985205296	0.11055661306654857	-0.1503572402835325
AT4G24230	0	0.0	0.12585929326164244	-1.2152432688965604	0.03540173775285076
AT4G24275	27	0.0	-0.06457612633423469	1.3231958698038728	0.03500941207091813
AT4G24350	9	0.0	0.12585929326164244	0.15688811292885776	0.24814143306826442
AT4G24570	27	0.0	-0.06457612633423469	1.3231958698038728	0.03500941207091813
AT4G25100	27	0.0	-0.06457612633423469	1.3231958698038728	0.03500941207091813
AT4G25260	27	0.0	-0.06457612633423469	1.3231958698038728	0.03500941207091813
AT4G25640	54	0.0	-1.2954681985205296	0.11055661306654857	-0.1503572402835325
AT4G25700	54	0.0	-1.2954681985205296	0.11055661306654857	-0.1503572402835325
AT4G26488	27	0.0	-0.06457612633423469	1.3231958698038728	0.03500941207091813
AT4G26790	54	0.0	-1.2954681985205296	0.11055661306654857	-0.1503572402835325
AT4G26890	27	0.0	-0.06457612633423469	1.3231958698038728	0.03500941207091813
AT4G27280	27	0.0	-0.06457612633423469	1.3231958698038728	0.03500941207091813
AT4G27310	9	0.0	0.12585929326164244	0.15688811292885776	0.24814143306826442
AT4G27450	9	0.0	0.12585929326164244	0.15688811292885776	0.24814143306826442
AT4G27520	54	0.0	-1.2954681985205296	0.11055661306654857	-0.1503572402835325
AT4G27900	27	0.0	-0.06457612633423469	1.3231958698038728	0.03500941207091813
AT4G27970	27	0.0	-0.06457612633423469	1.3231958698038728	0.03500941207091813
AT4G28270	9	0.0	0.12585929326164244	0.15688811292885776	0.24814143306826442
AT4G29190	0	0.0	0.12585929326164244	-1.2152432688965604	0.03540173775285076
AT4G29310	9	0.0	0.12585929326164244	0.15688811292885776	0.24814143306826442
AT4G29780	27	0.0	-0.06457612633423469	1.3231958698038728	0.03500941207091813
AT4G29905	0	0.0	0.12585929326164244	-1.2152432688965604	0.03540173775285076
AT4G30060	27	0.0	-0.06457612633423469	1.3231958698038728	0.03500941207091813
AT4G30140	9	0.0	0.12585929326164244	0.15688811292885776	0.24814143306826442
AT4G30170	27	0.0	-0.06457612633423469	1.3231958698038728	0.03500941207091813
AT4G30270	9	0.0	0.12585929326164244	0.15688811292885776	0.24814143306826442
AT4G30280	27	0.0	-0.06457612633423469	1.3231958698038728	0.03500941207091813
AT4G30290	9	0.0	0.12585929326164244	0.15688811292885776	0.24814143306826442
AT4G30490	27	0.0	-0.06457612633423469	1.3231958698038728	0.03500941207091813
AT4G31290	0	0.0	0.12585929326164244	-1.2152432688965604	0.03540173775285076
AT4G31550	27	0.0	-0.06457612633423469	1.3231958698038728	0.03500941207091813
AT4G31800	9	0.0	0.12585929326164244	0.15688811292885776	0.24814143306826442
AT4G32340	0	0.0	0.12585929326164244	-1.2152432688965604	0.03540173775285076
AT4G32460	27	0.0	-0.06457612633423469	1.3231958698038728	0.03500941207091813
AT4G32480	9	0.0	0.12585929326164244	0.15688811292885776	0.24814143306826442
AT4G32810	9	0.0	0.12585929326164244	0.15688811292885776	0.24814143306826442
AT4G33070	54	0.0	-1.2954681985205296	0.11055661306654857	-0.1503572402835325
AT4G33220	27	0.0	-0.06457612633423469	1.3231958698038728	0.03500941207091813
AT4G33550	9	0.0	0.12585929326164244	0.15688811292885776	0.24814143306826442
AT4G33560	54	0.0	-1.2954681985205296	0.11055661306654857	-0.1503572402835325
AT4G33610	54	0.0	-1.2954681985205296	0.11055661306654857	-0.1503572402835325
AT4G33666	0	0.0	0.12585929326164244	-1.2152432688965604	0.03540173775285076
AT4G34138	0	0.0	0.12585929326164244	-1.2152432688965604	0.03540173775285076
AT4G34770	9	0.0	0.12585929326164244	0.15688811292885776	0.24814143306826442
AT4G35160	54	0.0	-1.2954681985205296	0.11055661306654857	-0.1503572402835325
AT4G35190	27	0.0	-0.06457612633423469	1.3231958698038728	0.03500941207091813
AT4G35420	54	0.0	-1.2954681985205296	0.11055661306654857	-0.1503572402835325
AT4G35720	27	0.0	-0.06457612633423469	1.3231958698038728	0.03500941207091813
AT4G35770	9	0.0	0.12585929326164244	0.15688811292885776	0.24814143306826442
AT4G36010	27	0.0	-0.06457612633423469	1.3231958698038728	0.03500941207091813
AT4G36030	0	0.0	0.12585929326164244	-1.2152432688965604	0.03540173775285076
AT4G36040	9	0.0	0.12585929326164244	0.15688811292885776	0.24814143306826442
AT4G36050	0	0.0	0.12585929326164244	-1.2152432688965604	0.03540173775285076
AT4G36410	9	0.0	0.12585929326164244	0.15688811292885776	0.24814143306826442
AT4G36610	54	0.0	-1.2954681985205296	0.11055661306654857	-0.1503572402835325
AT4G36648	27	0.0	-0.06457612633423469	1.3231958698038728	0.03500941207091813
AT4G36670	9	0.0	0.12585929326164244	0.15688811292885776	0.24814143306826442
AT4G36810	9	0.0	0.12585929326164244	0.15688811292885776	0.24814143306826442
AT4G37220	9	0.0	0.12585929326164244	0.15688811292885776	0.24814143306826442
AT4G37410	54	0.0	-1.2954681985205296	0.11055661306654857	-0.1503572402835325
AT4G37450	27	0.0	-0.06457612633423469	1.3231958698038728	0.03500941207091813
AT4G37610	9	0.0	0.12585929326164244	0.15688811292885776	0.24814143306826442
AT4G37760	0	0.0	0.12585929326164244	-1.2152432688965604	0.03540173775285076
AT4G37800	9	0.0	0.12585929326164244	0.15688811292885776	0.24814143306826442
AT4G37810	54	0.0	-1.2954681985205296	0.11055661306654857	-0.1503572402835325
AT4G38062	0	0.0	0.12585929326164244	-1.2152432688965604	0.03540173775285076
AT4G38080	54	0.0	-1.2954681985205296	0.11055661306654857	-0.1503572402835325
AT4G38250	9	0.0	0.12585929326164244	0.15688811292885776	0.24814143306826442
AT4G38400	27	0.0	-0.06457612633423469	1.3231958698038728	0.03500941207091813
AT4G38410	9	0.0	0.12585929326164244	0.15688811292885776	0.24814143306826442
AT4G38620	54	0.0	-1.2954681985205296	0.11055661306654857	-0.1503572402835325
AT4G38770	54	0.0	-1.2954681985205296	0.11055661306654857	-0.1503572402835325
AT4G38932	0	0.0	0.12585929326164244	-1.2152432688965604	0.03540173775285076
AT4G39030	27	0.0	-0.06457612633423469	1.3231958698038728	0.03500941207091813
AT4G39210	27	0.0	-0.06457612633423469	1.3231958698038728	0.03500941207091813
AT4G39260	27	0.0	-0.06457612633423469	1.3231958698038728	0.03500941207091813
AT4G39320	54	0.0	-1.2954681985205296	0.11055661306654857	-0.1503572402835325
AT4G39510	54	0.0	-1.2954681985205296	0.11055661306654857	-0.1503572402835325
AT4G39770	54	0.0	-1.2954681985205296	0.11055661306654857	-0.1503572402835325
AT4G39800	27	0.0	-0.06457612633423469	1.3231958698038728	0.03500941207091813
AT4G39838	9	0.0	0.12585929326164244	0.15688811292885776	0.24814143306826442
AT4G39840	9	0.0	0.12585929326164244	0.15688811292885776	0.24814143306826442
AT4G39950	54	0.0	-1.2954681985205296	0.11055661306654857	-0.1503572402835325
AT4G39955	27	0.0	-0.06457612633423469	1.3231958698038728	0.03500941207091813
AT5G01210	9	0.0	0.12585929326164244	0.15688811292885776	0.24814143306826442
AT5G01215	9	0.0	0.12585929326164244	0.15688811292885776	0.24814143306826442
AT5G01600	9	0.0	0.12585929326164244	0.15688811292885776	0.24814143306826442
AT5G01810	27	0.0	-0.06457612633423469	1.3231958698038728	0.03500941207091813
AT5G02020	9	0.0	0.12585929326164244	0.15688811292885776	0.24814143306826442
AT5G02200	27	0.0	-0.06457612633423469	1.3231958698038728	0.03500941207091813
AT5G02260	27	0.0	-0.06457612633423469	1.3231958698038728	0.03500941207091813
AT5G02750	27	0.0	-0.06457612633423469	1.3231958698038728	0.03500941207091813
AT5G02810	9	0.0	0.12585929326164244	0.15688811292885776	0.24814143306826442
AT5G02840	0	0.0	0.12585929326164244	-1.2152432688965604	0.03540173775285076
AT5G03190	54	0.0	-1.2954681985205296	0.11055661306654857	-0.1503572402835325
AT5G03230	0	0.0	0.12585929326164244	-1.2152432688965604	0.03540173775285076
AT5G03240	9	0.0	0.12585929326164244	0.15688811292885776	0.24814143306826442
AT5G03545	0	0.0	0.12585929326164244	-1.2152432688965604	0.03540173775285076
AT5G03680	54	0.0	-1.2954681985205296	0.11055661306654857	-0.1503572402835325
AT5G03760	27	0.0	-0.06457612633423469	1.3231958698038728	0.03500941207091813
AT5G04220	54	0.0	-1.2954681985205296	0.11055661306654857	-0.1503572402835325
AT5G04810	0	0.0	0.12585929326164244	-1.2152432688965604	0.03540173775285076
AT5G05270	27	0.0	-0.06457612633423469	1.3231958698038728	0.03500941207091813
AT5G05365	27	0.0	-0.06457612633423469	1.3231958698038728	0.03500941207091813
AT5G05440	27	0.0	-0.06457612633423469	1.3231958698038728	0.03500941207091813
AT5G06980	54	0.0	-1.2954681985205296	0.11055661306654857	-0.1503572402835325
AT5G07010	9	0.0	0.12585929326164244	0.15688811292885776	0.24814143306826442
AT5G07030	54	0.0	-1.2954681985205296	0.11055661306654857	-0.1503572402835325
AT5G07110	27	0.0	-0.06457612633423469	1.3231958698038728	0.03500941207091813
AT5G07130	54	0.0	-1.2954681985205296	0.11055661306654857	-0.1503572402835325
AT5G07990	54	0.0	-1.2954681985205296	0.11055661306654857	-0.1503572402835325
AT5G09480	54	0.0	-1.2954681985205296	0.11055661306654857	-0.1503572402835325
AT5G09520	54	0.0	-1.2954681985205296	0.11055661306654857	-0.1503572402835325
AT5G09530	54	0.0	-1.2954681985205296	0.11055661306654857	-0.1503572402835325
AT5G09595	54	0.0	-1.2954681985205296	0.11055661306654857	-0.1503572402835325
AT5G10100	9	0.0	0.12585929326164244	0.15688811292885776	0.24814143306826442
AT5G10430	27	0.0	-0.06457612633423469	1.3231958698038728	0.03500941207091813
AT5G10970	54	0.0	-1.2954681985205296	0.11055661306654857	-0.1503572402835325
AT5G11975	27	0.0	-0.06457612633423469	1.3231958698038728	0.03500941207091813
AT5G12420	54	0.0	-1.2954681985205296	0.11055661306654857	-0.1503572402835325
AT5G12940	27	0.0	-0.06457612633423469	1.3231958698038728	0.03500941207091813
AT5G13170	27	0.0	-0.06457612633423469	1.3231958698038728	0.03500941207091813
AT5G13190	27	0.0	-0.06457612633423469	1.3231958698038728	0.03500941207091813
AT5G13330	9	0.0	0.12585929326164244	0.15688811292885776	0.24814143306826442
AT5G13370	9	0.0	0.12585929326164244	0.15688811292885776	0.24814143306826442
AT5G13580	54	0.0	-1.2954681985205296	0.11055661306654857	-0.1503572402835325
AT5G13790	27	0.0	-0.06457612633423469	1.3231958698038728	0.03500941207091813
AT5G13820	27	0.0	-0.06457612633423469	1.3231958698038728	0.03500941207091813
AT5G13900	54	0.0	-1.2954681985205296	0.11055661306654857	-0.1503572402835325
AT5G14000	27	0.0	-0.06457612633423469	1.3231958698038728	0.03500941207091813
AT5G14360	9	0.0	0.12585929326164244	0.15688811292885776	0.24814143306826442
AT5G14760	27	0.0	-0.06457612633423469	1.3231958698038728	0.03500941207091813
AT5G14920	9	0.0	0.12585929326164244	0.15688811292885776	0.24814143306826442
AT5G14930	27	0.0	-0.06457612633423469	1.3231958698038728	0.03500941207091813
AT5G15120	9	0.0	0.12585929326164244	0.15688811292885776	0.24814143306826442
AT5G15150	27	0.0	-0.06457612633423469	1.3231958698038728	0.03500941207091813
AT5G15790	27	0.0	-0.06457612633423469	1.3231958698038728	0.03500941207091813
AT5G15840	27	0.0	-0.06457612633423469	1.3231958698038728	0.03500941207091813
AT5G15950	9	0.0	0.12585929326164244	0.15688811292885776	0.24814143306826442
AT5G15960	54	0.0	-1.2954681985205296	0.11055661306654857	-0.1503572402835325
AT5G15970	54	0.0	-1.2954681985205296	0.11055661306654857	-0.1503572402835325
AT5G16110	0	0.0	0.12585929326164244	-1.2152432688965604	0.03540173775285076
AT5G16250	0	0.0	0.12585929326164244	-1.2152432688965604	0.03540173775285076
AT5G17170	9	0.0	0.12585929326164244	0.15688811292885776	0.24814143306826442
AT5G17230	54	0.0	-1.2954681985205296	0.11055661306654857	-0.1503572402835325
AT5G17300	0	0.0	0.12585929326164244	-1.2152432688965604	0.03540173775285076
AT5G17450	27	0.0	-0.06457612633423469	1.3231958698038728	0.03500941207091813
AT5G17700	0	0.0	0.12585929326164244	-1.2152432688965604	0.03540173775285076
AT5G18140	0	0.0	0.12585929326164244	-1.2152432688965604	0.03540173775285076
AT5G18310	27	0.0	-0.06457612633423469	1.3231958698038728	0.03500941207091813
AT5G19120	0	0.0	0.12585929326164244	-1.2152432688965604	0.03540173775285076
AT5G19340	27	0.0	-0.06457612633423469	1.3231958698038728	0.03500941207091813
AT5G19600	54	0.0	-1.2954681985205296	0.11055661306654857	-0.1503572402835325
AT5G19770	27	0.0	-0.06457612633423469	1.3231958698038728	0.03500941207091813
AT5G20190	27	0.0	-0.06457612633423469	1.3231958698038728	0.03500941207091813
AT5G20230	0	0.0	0.12585929326164244	-1.2152432688965604	0.03540173775285076
AT5G20250	9	0.0	0.12585929326164244	0.15688811292885776	0.24814143306826442
AT5G20270	54	0.0	-1.2954681985205296	0.11055661306654857	-0.1503572402835325
AT5G20520	0	0.0	0.12585929326164244	-1.2152432688965604	0.03540173775285076
AT5G20790	9	0.0	0.12585929326164244	0.15688811292885776	0.24814143306826442
AT5G21170	0	0.0	0.12585929326164244	-1.2152432688965604	0.03540173775285076
AT5G21482	54	0.0	-1.2954681985205296	0.11055661306654857	-0.1503572402835325
AT5G21940	9	0.0	0.12585929326164244	0.15688811292885776	0.24814143306826442
AT5G22300	9	0.0	0.12585929326164244	0.15688811292885776	0.24814143306826442
AT5G22310	27	0.0	-0.06457612633423469	1.3231958698038728	0.03500941207091813
AT5G22580	9	0.0	0.12585929326164244	0.15688811292885776	0.24814143306826442
AT5G22920	9	0.0	0.12585929326164244	0.15688811292885776	0.24814143306826442
AT5G23010	9	0.0	0.12585929326164244	0.15688811292885776	0.24814143306826442
AT5G23050	0	0.0	0.12585929326164244	-1.2152432688965604	0.03540173775285076
AT5G23190	54	0.0	-1.2954681985205296	0.11055661306654857	-0.1503572402835325
AT5G23210	27	0.0	-0.06457612633423469	1.3231958698038728	0.03500941207091813
AT5G23530	54	0.0	-1.2954681985205296	0.11055661306654857	-0.1503572402835325
AT5G23870	27	0.0	-0.06457612633423469	1.3231958698038728	0.03500941207091813
AT5G23910	0	0.0	0.12585929326164244	-1.2152432688965604	0.03540173775285076
AT5G24030	27	0.0	-0.06457612633423469	1.3231958698038728	0.03500941207091813
AT5G24120	9	0.0	0.12585929326164244	0.15688811292885776	0.24814143306826442
AT5G24380	27	0.0	-0.06457612633423469	1.3231958698038728	0.03500941207091813
AT5G24770	9	0.0	0.12585929326164244	0.15688811292885776	0.24814143306826442
AT5G24780	9	0.0	0.12585929326164244	0.15688811292885776	0.24814143306826442
AT5G24800	0	0.0	0.12585929326164244	-1.2152432688965604	0.03540173775285076
AT5G25120	0	0.0	0.12585929326164244	-1.2152432688965604	0.03540173775285076
AT5G25130	0	0.0	0.12585929326164244	-1.2152432688965604	0.03540173775285076
AT5G25140	0	0.0	0.12585929326164244	-1.2152432688965604	0.03540173775285076
AT5G25170	27	0.0	-0.06457612633423469	1.3231958698038728	0.03500941207091813
AT5G25190	27	0.0	-0.06457612633423469	1.3231958698038728	0.03500941207091813
AT5G25350	9	0.0	0.12585929326164244	0.15688811292885776	0.24814143306826442
AT5G25460	27	0.0	-0.06457612633423469	1.3231958698038728	0.03500941207091813
AT5G25610	9	0.0	0.12585929326164244	0.15688811292885776	0.24814143306826442
AT5G25830	27	0.0	-0.06457612633423469	1.3231958698038728	0.03500941207091813
AT5G26220	27	0.0	-0.06457612633423469	1.3231958698038728	0.03500941207091813
AT5G26280	0	0.0	0.12585929326164244	-1.2152432688965604	0.03540173775285076
AT5G27400	0	0.0	0.12585929326164244	-1.2152432688965604	0.03540173775285076
AT5G28300	27	0.0	-0.06457612633423469	1.3231958698038728	0.03500941207091813
AT5G35732	27	0.0	-0.06457612633423469	1.3231958698038728	0.03500941207091813
AT5G36710	0	0.0	0.12585929326164244	-1.2152432688965604	0.03540173775285076
AT5G37260	0	0.0	0.12585929326164244	-1.2152432688965604	0.03540173775285076
AT5G37500	27	0.0	-0.06457612633423469	1.3231958698038728	0.03500941207091813
AT5G37600	27	0.0	-0.06457612633423469	1.3231958698038728	0.03500941207091813
AT5G37690	54	0.0	-1.2954681985205296	0.11055661306654857	-0.1503572402835325
AT5G37990	9	0.0	0.12585929326164244	0.15688811292885776	0.24814143306826442
AT5G38000	9	0.0	0.12585929326164244	0.15688811292885776	0.24814143306826442
AT5G38020	9	0.0	0.12585929326164244	0.15688811292885776	0.24814143306826442
AT5G38410	9	0.0	0.12585929326164244	0.15688811292885776	0.24814143306826442
AT5G38420	9	0.0	0.12585929326164244	0.15688811292885776	0.24814143306826442
AT5G38430	9	0.0	0.12585929326164244	0.15688811292885776	0.24814143306826442
AT5G38940	9	0.0	0.12585929326164244	0.15688811292885776	0.24814143306826442
AT5G39610	27	0.0	-0.06457612633423469	1.3231958698038728	0.03500941207091813
AT5G39890	27	0.0	-0.06457612633423469	1.3231958698038728	0.03500941207091813
AT5G39970	27	0.0	-0.06457612633423469	1.3231958698038728	0.03500941207091813
AT5G41040	54	0.0	-1.2954681985205296	0.11055661306654857	-0.1503572402835325
AT5G42092	27	0.0	-0.06457612633423469	1.3231958698038728	0.03500941207091813
AT5G42180	54	0.0	-1.2954681985205296	0.11055661306654857	-0.1503572402835325
AT5G42530	9	0.0	0.12585929326164244	0.15688811292885776	0.24814143306826442
AT5G42900	9	0.0	0.12585929326164244	0.15688811292885776	0.24814143306826442
AT5G43170	27	0.0	-0.06457612633423469	1.3231958698038728	0.03500941207091813
AT5G43330	27	0.0	-0.06457612633423469	1.3231958698038728	0.03500941207091813
AT5G43380	27	0.0	-0.06457612633423469	1.3231958698038728	0.03500941207091813
AT5G43580	9	0.0	0.12585929326164244	0.15688811292885776	0.24814143306826442
AT5G43890	27	0.0	-0.06457612633423469	1.3231958698038728	0.03500941207091813
AT5G44400	9	0.0	0.12585929326164244	0.15688811292885776	0.24814143306826442
AT5G44550	54	0.0	-1.2954681985205296	0.11055661306654857	-0.1503572402835325
AT5G44580	27	0.0	-0.06457612633423469	1.3231958698038728	0.03500941207091813
AT5G45280	27	0.0	-0.06457612633423469	1.3231958698038728	0.03500941207091813
AT5G45340	27	0.0	-0.06457612633423469	1.3231958698038728	0.03500941207091813
AT5G45410	0	0.0	0.12585929326164244	-1.2152432688965604	0.03540173775285076
AT5G45720	27	0.0	-0.06457612633423469	1.3231958698038728	0.03500941207091813
AT5G48430	27	0.0	-0.06457612633423469	1.3231958698038728	0.03500941207091813
AT5G48485	9	0.0	0.12585929326164244	0.15688811292885776	0.24814143306826442
AT5G48570	9	0.0	0.12585929326164244	0.15688811292885776	0.24814143306826442
AT5G48900	27	0.0	-0.06457612633423469	1.3231958698038728	0.03500941207091813
AT5G49360	0	0.0	0.12585929326164244	-1.2152432688965604	0.03540173775285076
AT5G49450	9	0.0	0.12585929326164244	0.15688811292885776	0.24814143306826442
AT5G49645	9	0.0	0.12585929326164244	0.15688811292885776	0.24814143306826442
AT5G49700	9	0.0	0.12585929326164244	0.15688811292885776	0.24814143306826442
AT5G49730	0	0.0	0.12585929326164244	-1.2152432688965604	0.03540173775285076
AT5G50130	54	0.0	-1.2954681985205296	0.11055661306654857	-0.1503572402835325
AT5G50200	9	0.0	0.12585929326164244	0.15688811292885776	0.24814143306826442
AT5G50670	27	0.0	-0.06457612633423469	1.3231958698038728	0.03500941207091813
AT5G50680	9	0.0	0.12585929326164244	0.15688811292885776	0.24814143306826442
AT5G51390	9	0.0	0.12585929326164244	0.15688811292885776	0.24814143306826442
AT5G53250	27	0.0	-0.06457612633423469	1.3231958698038728	0.03500941207091813
AT5G53420	27	0.0	-0.06457612633423469	1.3231958698038728	0.03500941207091813
AT5G53450	27	0.0	-0.06457612633423469	1.3231958698038728	0.03500941207091813
AT5G53750	27	0.0	-0.06457612633423469	1.3231958698038728	0.03500941207091813
AT5G53980	9	0.0	0.12585929326164244	0.15688811292885776	0.24814143306826442
AT5G54080	0	0.0	0.12585929326164244	-1.2152432688965604	0.03540173775285076
AT5G54470	54	0.0	-1.2954681985205296	0.11055661306654857	-0.1503572402835325
AT5G54490	9	0.0	0.12585929326164244	0.15688811292885776	0.24814143306826442
AT5G54585	0	0.0	0.12585929326164244	-1.2152432688965604	0.03540173775285076
AT5G54940	27	0.0	-0.06457612633423469	1.3231958698038728	0.03500941207091813
AT5G55180	54	0.0	-1.2954681985205296	0.11055661306654857	-0.1503572402835325
AT5G55250	9	0.0	0.12585929326164244	0.15688811292885776	0.24814143306826442
AT5G55520	0	0.0	0.12585929326164244	-1.2152432688965604	0.03540173775285076
AT5G55620	9	0.0	0.12585929326164244	0.15688811292885776	0.24814143306826442
AT5G56100	0	0.0	0.12585929326164244	-1.2152432688965604	0.03540173775285076
AT5G56220	27	0.0	-0.06457612633423469	1.3231958698038728	0.03500941207091813
AT5G56230	27	0.0	-0.06457612633423469	1.3231958698038728	0.03500941207091813
AT5G56320	27	0.0	-0.06457612633423469	1.3231958698038728	0.03500941207091813
AT5G56350	27	0.0	-0.06457612633423469	1.3231958698038728	0.03500941207091813
AT5G56550	9	0.0	0.12585929326164244	0.15688811292885776	0.24814143306826442
AT5G56750	0	0.0	0.12585929326164244	-1.2152432688965604	0.03540173775285076
AT5G56980	54	0.0	-1.2954681985205296	0.11055661306654857	-0.1503572402835325
AT5G57180	54	0.0	-1.2954681985205296	0.11055661306654857	-0.1503572402835325
AT5G57190	27	0.0	-0.06457612633423469	1.3231958698038728	0.03500941207091813
AT5G57660	54	0.0	-1.2954681985205296	0.11055661306654857	-0.1503572402835325
AT5G57760	9	0.0	0.12585929326164244	0.15688811292885776	0.24814143306826442
AT5G57770	27	0.0	-0.06457612633423469	1.3231958698038728	0.03500941207091813
AT5G57785	9	0.0	0.12585929326164244	0.15688811292885776	0.24814143306826442
AT5G58860	54	0.0	-1.2954681985205296	0.11055661306654857	-0.1503572402835325
AT5G58900	27	0.0	-0.06457612633423469	1.3231958698038728	0.03500941207091813
AT5G59220	0	0.0	0.12585929326164244	-1.2152432688965604	0.03540173775285076
AT5G59320	9	0.0	0.12585929326164244	0.15688811292885776	0.24814143306826442
AT5G59510	0	0.0	0.12585929326164244	-1.2152432688965604	0.03540173775285076
AT5G59570	0	0.0	0.12585929326164244	-1.2152432688965604	0.03540173775285076
AT5G59730	9	0.0	0.12585929326164244	0.15688811292885776	0.24814143306826442
AT5G59732	0	0.0	0.12585929326164244	-1.2152432688965604	0.03540173775285076
AT5G60680	9	0.0	0.12585929326164244	0.15688811292885776	0.24814143306826442
AT5G60850	54	0.0	-1.2954681985205296	0.11055661306654857	-0.1503572402835325
AT5G61350	0	0.0	0.12585929326164244	-1.2152432688965604	0.03540173775285076
AT5G61570	27	0.0	-0.06457612633423469	1.3231958698038728	0.03500941207091813
AT5G61590	9	0.0	0.12585929326164244	0.15688811292885776	0.24814143306826442
AT5G61650	27	0.0	-0.06457612633423469	1.3231958698038728	0.03500941207091813
AT5G61820	0	0.0	0.12585929326164244	-1.2152432688965604	0.03540173775285076
AT5G62220	54	0.0	-1.2954681985205296	0.11055661306654857	-0.1503572402835325
AT5G62280	27	0.0	-0.06457612633423469	1.3231958698038728	0.03500941207091813
AT5G62920	9	0.0	0.12585929326164244	0.15688811292885776	0.24814143306826442
AT5G63060	27	0.0	-0.06457612633423469	1.3231958698038728	0.03500941207091813
AT5G63160	9	0.0	0.12585929326164244	0.15688811292885776	0.24814143306826442
AT5G63190	0	0.0	0.12585929326164244	-1.2152432688965604	0.03540173775285076
AT5G63560	54	0.0	-1.2954681985205296	0.11055661306654857	-0.1503572402835325
AT5G63600	0	0.0	0.12585929326164244	-1.2152432688965604	0.03540173775285076
AT5G63850	27	0.0	-0.06457612633423469	1.3231958698038728	0.03500941207091813
AT5G64170	0	0.0	0.12585929326164244	-1.2152432688965604	0.03540173775285076
AT5G64330	27	0.0	-0.06457612633423469	1.3231958698038728	0.03500941207091813
AT5G64700	54	0.0	-1.2954681985205296	0.11055661306654857	-0.1503572402835325
AT5G64750	27	0.0	-0.06457612633423469	1.3231958698038728	0.03500941207091813
AT5G65207	9	0.0	0.12585929326164244	0.15688811292885776	0.24814143306826442
AT5G65230	54	0.0	-1.2954681985205296	0.11055661306654857	-0.1503572402835325
AT5G65390	27	0.0	-0.06457612633423469	1.3231958698038728	0.03500941207091813
AT5G65590	54	0.0	-1.2954681985205296	0.11055661306654857	-0.1503572402835325
AT5G65790	54	0.0	-1.2954681985205296	0.11055661306654857	-0.1503572402835325
AT5G65810	27	0.0	-0.06457612633423469	1.3231958698038728	0.03500941207091813
AT5G65900	27	0.0	-0.06457612633423469	1.3231958698038728	0.03500941207091813
AT5G66052	0	0.0	0.12585929326164244	-1.2152432688965604	0.03540173775285076
AT5G66170	9	0.0	0.12585929326164244	0.15688811292885776	0.24814143306826442
AT5G66310	27	0.0	-0.06457612633423469	1.3231958698038728	0.03500941207091813
AT5G66390	54	0.0	-1.2954681985205296	0.11055661306654857	-0.1503572402835325
AT5G67190	0	0.0	0.12585929326164244	-1.2152432688965604	0.03540173775285076
AT5G67300	54	0.0	-1.2954681985205296	0.11055661306654857	-0.1503572402835325
AT5G67370	27	0.0	-0.06457612633423469	1.3231958698038728	0.03500941207091813
AT5G67450	27	0.0	-0.06457612633423469	1.3231958698038728	0.03500941207091813
AT5G67520	9	0.0	0.12585929326164244	0.15688811292885776	0.24814143306826442
ATCG00270	27	0.0	-0.06457612633423469	1.3231958698038728	0.03500941207091813
ATCG00420	27	0.0	-0.06457612633423469	1.3231958698038728	0.03500941207091813
ATCG00430	9	0.0	0.12585929326164244	0.15688811292885776	0.24814143306826442
ATCG00440	27	0.0	-0.06457612633423469	1.3231958698038728	0.03500941207091813
ATCG00470	9	0.0	0.12585929326164244	0.15688811292885776	0.24814143306826442
ATCG00480	9	0.0	0.12585929326164244	0.15688811292885776	0.24814143306826442
ATCG00650	27	0.0	-0.06457612633423469	1.3231958698038728	0.03500941207091813
ATCG00740	27	0.0	-0.06457612633423469	1.3231958698038728	0.03500941207091813
ATCG00750	27	0.0	-0.06457612633423469	1.3231958698038728	0.03500941207091813
ATCG00770	27	0.0	-0.06457612633423469	1.3231958698038728	0.03500941207091813
ATCG00780	27	0.0	-0.06457612633423469	1.3231958698038728	0.03500941207091813
ATCG00790	9	0.0	0.12585929326164244	0.15688811292885776	0.24814143306826442
ATCG00800	9	0.0	0.12585929326164244	0.15688811292885776	0.24814143306826442
ATCG00810	27	0.0	-0.06457612633423469	1.3231958698038728	0.03500941207091813
ATCG00820	27	0.0	-0.06457612633423469	1.3231958698038728	0.03500941207091813
ATCG00830	27	0.0	-0.06457612633423469	1.3231958698038728	0.03500941207091813
ATCG00890	27	0.0	-0.06457612633423469	1.3231958698038728	0.03500941207091813
ATCG00900	27	0.0	-0.06457612633423469	1.3231958698038728	0.03500941207091813
ATCG01110	27	0.0	-0.06457612633423469	1.3231958698038728	0.03500941207091813
ATCG01130	9	0.0	0.12585929326164244	0.15688811292885776	0.24814143306826442
ATCG01230	27	0.0	-0.06457612633423469	1.3231958698038728	0.03500941207091813
ATCG01240	27	0.0	-0.06457612633423469	1.3231958698038728	0.03500941207091813
ATCG01310	9	0.0	0.12585929326164244	0.15688811292885776	0.24814143306826442
