AT1G01180	12	0.0	-0.05405845618710889	-1.2587284397880956	-0.30026268649523424
AT1G01580	57	0.0	0.3771300409299969	3.335724847686452E-5	-1.053024160016212
AT1G02060	9	0.0	-0.05405845618710889	-1.2587284397880956	0.1444381508412012
AT1G02730	9	0.0	-0.05405845618710889	-1.2587284397880956	0.1444381508412012
AT1G03090	9	0.0	-0.05405845618710889	-1.2587284397880956	0.1444381508412012
AT1G03410	57	0.0	0.3771300409299969	3.335724847686452E-5	-1.053024160016212
AT1G03620	33	0.0	-1.2882399921645868	0.09988387045345813	0.8003500524860573
AT1G03630	30	0.0	-1.2882399921645868	0.09988387045345813	0.025743896811097074
AT1G03820	33	0.0	-1.2882399921645868	0.09988387045345813	0.8003500524860573
AT1G03850	54	0.0	0.3771300409299969	3.335724847686452E-5	0.6287364023251248
AT1G03870	0	0.0	-0.05405845618710889	1.1725722401851815	-0.1771189743682722
AT1G04220	30	0.0	-1.2882399921645868	0.09988387045345813	0.025743896811097074
AT1G04240	3	0.0	-0.05405845618710889	1.1725722401851815	0.18288851978069753
AT1G04503	54	0.0	0.3771300409299969	3.335724847686452E-5	0.6287364023251248
AT1G04770	27	0.0	-1.2882399921645868	0.09988387045345813	-0.7174918992040913
AT1G05010	18	0.0	-0.05405845618710889	1.733973605752198	0.005205079536601199
AT1G05370	30	0.0	-1.2882399921645868	0.09988387045345813	0.025743896811097074
AT1G05575	54	0.0	0.3771300409299969	3.335724847686452E-5	0.6287364023251248
AT1G06000	30	0.0	-1.2882399921645868	0.09988387045345813	0.025743896811097074
AT1G06040	27	0.0	-1.2882399921645868	0.09988387045345813	-0.7174918992040913
AT1G06080	57	0.0	0.3771300409299969	3.335724847686452E-5	-1.053024160016212
AT1G06160	54	0.0	0.3771300409299969	3.335724847686452E-5	0.6287364023251248
AT1G06350	3	0.0	-0.05405845618710889	1.1725722401851815	0.18288851978069753
AT1G06475	18	0.0	-0.05405845618710889	1.733973605752198	0.005205079536601199
AT1G06570	12	0.0	-0.05405845618710889	-1.2587284397880956	-0.30026268649523424
AT1G06830	18	0.0	-0.05405845618710889	1.733973605752198	0.005205079536601199
AT1G07150	0	0.0	-0.05405845618710889	1.1725722401851815	-0.1771189743682722
AT1G07367	18	0.0	-0.05405845618710889	1.733973605752198	0.005205079536601199
AT1G07373	54	0.0	0.3771300409299969	3.335724847686452E-5	0.6287364023251248
AT1G07730	27	0.0	-1.2882399921645868	0.09988387045345813	-0.7174918992040913
AT1G07737	12	0.0	-0.05405845618710889	-1.2587284397880956	-0.30026268649523424
AT1G07750	0	0.0	-0.05405845618710889	1.1725722401851815	-0.1771189743682722
AT1G07880	33	0.0	-1.2882399921645868	0.09988387045345813	0.8003500524860573
AT1G08430	33	0.0	-1.2882399921645868	0.09988387045345813	0.8003500524860573
AT1G08477	27	0.0	-1.2882399921645868	0.09988387045345813	-0.7174918992040913
AT1G08550	9	0.0	-0.05405845618710889	-1.2587284397880956	0.1444381508412012
AT1G08560	9	0.0	-0.05405845618710889	-1.2587284397880956	0.1444381508412012
AT1G08570	12	0.0	-0.05405845618710889	-1.2587284397880956	-0.30026268649523424
AT1G08930	18	0.0	-0.05405845618710889	1.733973605752198	0.005205079536601199
AT1G09310	57	0.0	0.3771300409299969	3.335724847686452E-5	-1.053024160016212
AT1G09390	3	0.0	-0.05405845618710889	1.1725722401851815	0.18288851978069753
AT1G09530	3	0.0	-0.05405845618710889	1.1725722401851815	0.18288851978069753
AT1G09750	9	0.0	-0.05405845618710889	-1.2587284397880956	0.1444381508412012
AT1G09780	0	0.0	-0.05405845618710889	1.1725722401851815	-0.1771189743682722
AT1G10370	27	0.0	-1.2882399921645868	0.09988387045345813	-0.7174918992040913
AT1G10550	54	0.0	0.3771300409299969	3.335724847686452E-5	0.6287364023251248
AT1G10640	30	0.0	-1.2882399921645868	0.09988387045345813	0.025743896811097074
AT1G10660	9	0.0	-0.05405845618710889	-1.2587284397880956	0.1444381508412012
AT1G11175	54	0.0	0.3771300409299969	3.335724847686452E-5	0.6287364023251248
AT1G11185	6	0.0	-0.05405845618710889	1.1725722401851815	0.7476762431544676
AT1G11260	9	0.0	-0.05405845618710889	-1.2587284397880956	0.1444381508412012
AT1G11330	3	0.0	-0.05405845618710889	1.1725722401851815	0.18288851978069753
AT1G11545	0	0.0	-0.05405845618710889	1.1725722401851815	-0.1771189743682722
AT1G11700	18	0.0	-0.05405845618710889	1.733973605752198	0.005205079536601199
AT1G12090	0	0.0	-0.05405845618710889	1.1725722401851815	-0.1771189743682722
AT1G12110	0	0.0	-0.05405845618710889	1.1725722401851815	-0.1771189743682722
AT1G13260	54	0.0	0.3771300409299969	3.335724847686452E-5	0.6287364023251248
AT1G14120	33	0.0	-1.2882399921645868	0.09988387045345813	0.8003500524860573
AT1G14210	3	0.0	-0.05405845618710889	1.1725722401851815	0.18288851978069753
AT1G14730	30	0.0	-1.2882399921645868	0.09988387045345813	0.025743896811097074
AT1G15040	54	0.0	0.3771300409299969	3.335724847686452E-5	0.6287364023251248
AT1G15410	3	0.0	-0.05405845618710889	1.1725722401851815	0.18288851978069753
AT1G15550	18	0.0	-0.05405845618710889	1.733973605752198	0.005205079536601199
AT1G16130	3	0.0	-0.05405845618710889	1.1725722401851815	0.18288851978069753
AT1G16500	30	0.0	-1.2882399921645868	0.09988387045345813	0.025743896811097074
AT1G16510	0	0.0	-0.05405845618710889	1.1725722401851815	-0.1771189743682722
AT1G17345	54	0.0	0.3771300409299969	3.335724847686452E-5	0.6287364023251248
AT1G17830	0	0.0	-0.05405845618710889	1.1725722401851815	-0.1771189743682722
AT1G17980	3	0.0	-0.05405845618710889	1.1725722401851815	0.18288851978069753
AT1G18000	60	0.0	0.3771300409299969	3.335724847686452E-5	1.6552938207785735
AT1G18010	57	0.0	0.3771300409299969	3.335724847686452E-5	-1.053024160016212
AT1G18020	18	0.0	-0.05405845618710889	1.733973605752198	0.005205079536601199
AT1G18100	6	0.0	-0.05405845618710889	1.1725722401851815	0.7476762431544676
AT1G18140	30	0.0	-1.2882399921645868	0.09988387045345813	0.025743896811097074
AT1G18290	3	0.0	-0.05405845618710889	1.1725722401851815	0.18288851978069753
AT1G18330	57	0.0	0.3771300409299969	3.335724847686452E-5	-1.053024160016212
AT1G18400	18	0.0	-0.05405845618710889	1.733973605752198	0.005205079536601199
AT1G18870	54	0.0	0.3771300409299969	3.335724847686452E-5	0.6287364023251248
AT1G19050	30	0.0	-1.2882399921645868	0.09988387045345813	0.025743896811097074
AT1G19180	3	0.0	-0.05405845618710889	1.1725722401851815	0.18288851978069753
AT1G19340	6	0.0	-0.05405845618710889	1.1725722401851815	0.7476762431544676
AT1G19450	0	0.0	-0.05405845618710889	1.1725722401851815	-0.1771189743682722
AT1G19530	54	0.0	0.3771300409299969	3.335724847686452E-5	0.6287364023251248
AT1G19960	54	0.0	0.3771300409299969	3.335724847686452E-5	0.6287364023251248
AT1G20190	18	0.0	-0.05405845618710889	1.733973605752198	0.005205079536601199
AT1G20630	9	0.0	-0.05405845618710889	-1.2587284397880956	0.1444381508412012
AT1G20900	0	0.0	-0.05405845618710889	1.1725722401851815	-0.1771189743682722
AT1G21110	27	0.0	-1.2882399921645868	0.09988387045345813	-0.7174918992040913
AT1G21130	57	0.0	0.3771300409299969	3.335724847686452E-5	-1.053024160016212
AT1G21270	3	0.0	-0.05405845618710889	1.1725722401851815	0.18288851978069753
AT1G21326	54	0.0	0.3771300409299969	3.335724847686452E-5	0.6287364023251248
AT1G21680	54	0.0	0.3771300409299969	3.335724847686452E-5	0.6287364023251248
AT1G21910	0	0.0	-0.05405845618710889	1.1725722401851815	-0.1771189743682722
AT1G22150	57	0.0	0.3771300409299969	3.335724847686452E-5	-1.053024160016212
AT1G22180	0	0.0	-0.05405845618710889	1.1725722401851815	-0.1771189743682722
AT1G22610	27	0.0	-1.2882399921645868	0.09988387045345813	-0.7174918992040913
AT1G22640	12	0.0	-0.05405845618710889	-1.2587284397880956	-0.30026268649523424
AT1G22650	30	0.0	-1.2882399921645868	0.09988387045345813	0.025743896811097074
AT1G22770	57	0.0	0.3771300409299969	3.335724847686452E-5	-1.053024160016212
AT1G22890	9	0.0	-0.05405845618710889	-1.2587284397880956	0.1444381508412012
AT1G23020	0	0.0	-0.05405845618710889	1.1725722401851815	-0.1771189743682722
AT1G23080	3	0.0	-0.05405845618710889	1.1725722401851815	0.18288851978069753
AT1G23390	54	0.0	0.3771300409299969	3.335724847686452E-5	0.6287364023251248
AT1G23730	54	0.0	0.3771300409299969	3.335724847686452E-5	0.6287364023251248
AT1G24530	0	0.0	-0.05405845618710889	1.1725722401851815	-0.1771189743682722
AT1G25145	54	0.0	0.3771300409299969	3.335724847686452E-5	0.6287364023251248
AT1G25230	3	0.0	-0.05405845618710889	1.1725722401851815	0.18288851978069753
AT1G25520	0	0.0	-0.05405845618710889	1.1725722401851815	-0.1771189743682722
AT1G26665	9	0.0	-0.05405845618710889	-1.2587284397880956	0.1444381508412012
AT1G26730	3	0.0	-0.05405845618710889	1.1725722401851815	0.18288851978069753
AT1G26800	54	0.0	0.3771300409299969	3.335724847686452E-5	0.6287364023251248
AT1G27020	18	0.0	-0.05405845618710889	1.733973605752198	0.005205079536601199
AT1G27030	3	0.0	-0.05405845618710889	1.1725722401851815	0.18288851978069753
AT1G27980	3	0.0	-0.05405845618710889	1.1725722401851815	0.18288851978069753
AT1G28330	54	0.0	0.3771300409299969	3.335724847686452E-5	0.6287364023251248
AT1G28370	3	0.0	-0.05405845618710889	1.1725722401851815	0.18288851978069753
AT1G28660	0	0.0	-0.05405845618710889	1.1725722401851815	-0.1771189743682722
AT1G29090	57	0.0	0.3771300409299969	3.335724847686452E-5	-1.053024160016212
AT1G29640	57	0.0	0.3771300409299969	3.335724847686452E-5	-1.053024160016212
AT1G30210	54	0.0	0.3771300409299969	3.335724847686452E-5	0.6287364023251248
AT1G30280	18	0.0	-0.05405845618710889	1.733973605752198	0.005205079536601199
AT1G30750	27	0.0	-1.2882399921645868	0.09988387045345813	-0.7174918992040913
AT1G30840	27	0.0	-1.2882399921645868	0.09988387045345813	-0.7174918992040913
AT1G31335	9	0.0	-0.05405845618710889	-1.2587284397880956	0.1444381508412012
AT1G32190	3	0.0	-0.05405845618710889	1.1725722401851815	0.18288851978069753
AT1G33055	60	0.0	0.3771300409299969	3.335724847686452E-5	1.6552938207785735
AT1G33170	30	0.0	-1.2882399921645868	0.09988387045345813	0.025743896811097074
AT1G33260	30	0.0	-1.2882399921645868	0.09988387045345813	0.025743896811097074
AT1G33790	3	0.0	-0.05405845618710889	1.1725722401851815	0.18288851978069753
AT1G33800	0	0.0	-0.05405845618710889	1.1725722401851815	-0.1771189743682722
AT1G34355	9	0.0	-0.05405845618710889	-1.2587284397880956	0.1444381508412012
AT1G35250	30	0.0	-1.2882399921645868	0.09988387045345813	0.025743896811097074
AT1G35290	57	0.0	0.3771300409299969	3.335724847686452E-5	-1.053024160016212
AT1G35320	3	0.0	-0.05405845618710889	1.1725722401851815	0.18288851978069753
AT1G35420	12	0.0	-0.05405845618710889	-1.2587284397880956	-0.30026268649523424
AT1G36280	3	0.0	-0.05405845618710889	1.1725722401851815	0.18288851978069753
AT1G41830	3	0.0	-0.05405845618710889	1.1725722401851815	0.18288851978069753
AT1G43160	54	0.0	0.3771300409299969	3.335724847686452E-5	0.6287364023251248
AT1G43800	33	0.0	-1.2882399921645868	0.09988387045345813	0.8003500524860573
AT1G43910	18	0.0	-0.05405845618710889	1.733973605752198	0.005205079536601199
AT1G44100	18	0.0	-0.05405845618710889	1.733973605752198	0.005205079536601199
AT1G44800	0	0.0	-0.05405845618710889	1.1725722401851815	-0.1771189743682722
AT1G46480	33	0.0	-1.2882399921645868	0.09988387045345813	0.8003500524860573
AT1G47395	18	0.0	-0.05405845618710889	1.733973605752198	0.005205079536601199
AT1G48100	12	0.0	-0.05405845618710889	-1.2587284397880956	-0.30026268649523424
AT1G49010	12	0.0	-0.05405845618710889	-1.2587284397880956	-0.30026268649523424
AT1G49032	9	0.0	-0.05405845618710889	-1.2587284397880956	0.1444381508412012
AT1G49200	60	0.0	0.3771300409299969	3.335724847686452E-5	1.6552938207785735
AT1G49230	3	0.0	-0.05405845618710889	1.1725722401851815	0.18288851978069753
AT1G49570	60	0.0	0.3771300409299969	3.335724847686452E-5	1.6552938207785735
AT1G49620	3	0.0	-0.05405845618710889	1.1725722401851815	0.18288851978069753
AT1G49660	18	0.0	-0.05405845618710889	1.733973605752198	0.005205079536601199
AT1G49720	9	0.0	-0.05405845618710889	-1.2587284397880956	0.1444381508412012
AT1G52280	0	0.0	-0.05405845618710889	1.1725722401851815	-0.1771189743682722
AT1G52342	54	0.0	0.3771300409299969	3.335724847686452E-5	0.6287364023251248
AT1G52820	60	0.0	0.3771300409299969	3.335724847686452E-5	1.6552938207785735
AT1G52870	12	0.0	-0.05405845618710889	-1.2587284397880956	-0.30026268649523424
AT1G53140	9	0.0	-0.05405845618710889	-1.2587284397880956	0.1444381508412012
AT1G53180	54	0.0	0.3771300409299969	3.335724847686452E-5	0.6287364023251248
AT1G53440	3	0.0	-0.05405845618710889	1.1725722401851815	0.18288851978069753
AT1G53490	3	0.0	-0.05405845618710889	1.1725722401851815	0.18288851978069753
AT1G53500	0	0.0	-0.05405845618710889	1.1725722401851815	-0.1771189743682722
AT1G54540	27	0.0	-1.2882399921645868	0.09988387045345813	-0.7174918992040913
AT1G54740	12	0.0	-0.05405845618710889	-1.2587284397880956	-0.30026268649523424
AT1G55000	9	0.0	-0.05405845618710889	-1.2587284397880956	0.1444381508412012
AT1G55120	3	0.0	-0.05405845618710889	1.1725722401851815	0.18288851978069753
AT1G55960	9	0.0	-0.05405845618710889	-1.2587284397880956	0.1444381508412012
AT1G56170	3	0.0	-0.05405845618710889	1.1725722401851815	0.18288851978069753
AT1G56660	18	0.0	-0.05405845618710889	1.733973605752198	0.005205079536601199
AT1G58290	9	0.0	-0.05405845618710889	-1.2587284397880956	0.1444381508412012
AT1G60010	54	0.0	0.3771300409299969	3.335724847686452E-5	0.6287364023251248
AT1G60140	9	0.0	-0.05405845618710889	-1.2587284397880956	0.1444381508412012
AT1G60270	30	0.0	-1.2882399921645868	0.09988387045345813	0.025743896811097074
AT1G61260	18	0.0	-0.05405845618710889	1.733973605752198	0.005205079536601199
AT1G61820	12	0.0	-0.05405845618710889	-1.2587284397880956	-0.30026268649523424
AT1G62290	57	0.0	0.3771300409299969	3.335724847686452E-5	-1.053024160016212
AT1G62380	18	0.0	-0.05405845618710889	1.733973605752198	0.005205079536601199
AT1G62420	54	0.0	0.3771300409299969	3.335724847686452E-5	0.6287364023251248
AT1G62560	30	0.0	-1.2882399921645868	0.09988387045345813	0.025743896811097074
AT1G62790	18	0.0	-0.05405845618710889	1.733973605752198	0.005205079536601199
AT1G62870	30	0.0	-1.2882399921645868	0.09988387045345813	0.025743896811097074
AT1G62975	57	0.0	0.3771300409299969	3.335724847686452E-5	-1.053024160016212
AT1G63940	0	0.0	-0.05405845618710889	1.1725722401851815	-0.1771189743682722
AT1G64370	33	0.0	-1.2882399921645868	0.09988387045345813	0.8003500524860573
AT1G64390	0	0.0	-0.05405845618710889	1.1725722401851815	-0.1771189743682722
AT1G64500	57	0.0	0.3771300409299969	3.335724847686452E-5	-1.053024160016212
AT1G64590	30	0.0	-1.2882399921645868	0.09988387045345813	0.025743896811097074
AT1G64640	18	0.0	-0.05405845618710889	1.733973605752198	0.005205079536601199
AT1G64660	54	0.0	0.3771300409299969	3.335724847686452E-5	0.6287364023251248
AT1G64780	27	0.0	-1.2882399921645868	0.09988387045345813	-0.7174918992040913
AT1G64900	12	0.0	-0.05405845618710889	-1.2587284397880956	-0.30026268649523424
AT1G64980	3	0.0	-0.05405845618710889	1.1725722401851815	0.18288851978069753
AT1G65310	18	0.0	-0.05405845618710889	1.733973605752198	0.005205079536601199
AT1G65490	27	0.0	-1.2882399921645868	0.09988387045345813	-0.7174918992040913
AT1G65710	9	0.0	-0.05405845618710889	-1.2587284397880956	0.1444381508412012
AT1G65840	0	0.0	-0.05405845618710889	1.1725722401851815	-0.1771189743682722
AT1G65900	30	0.0	-1.2882399921645868	0.09988387045345813	0.025743896811097074
AT1G65970	9	0.0	-0.05405845618710889	-1.2587284397880956	0.1444381508412012
AT1G66160	0	0.0	-0.05405845618710889	1.1725722401851815	-0.1771189743682722
AT1G67360	57	0.0	0.3771300409299969	3.335724847686452E-5	-1.053024160016212
AT1G67830	33	0.0	-1.2882399921645868	0.09988387045345813	0.8003500524860573
AT1G67900	30	0.0	-1.2882399921645868	0.09988387045345813	0.025743896811097074
AT1G67910	54	0.0	0.3771300409299969	3.335724847686452E-5	0.6287364023251248
AT1G68330	3	0.0	-0.05405845618710889	1.1725722401851815	0.18288851978069753
AT1G68530	57	0.0	0.3771300409299969	3.335724847686452E-5	-1.053024160016212
AT1G68650	9	0.0	-0.05405845618710889	-1.2587284397880956	0.1444381508412012
AT1G68850	30	0.0	-1.2882399921645868	0.09988387045345813	0.025743896811097074
AT1G69030	3	0.0	-0.05405845618710889	1.1725722401851815	0.18288851978069753
AT1G69230	60	0.0	0.3771300409299969	3.335724847686452E-5	1.6552938207785735
AT1G69520	3	0.0	-0.05405845618710889	1.1725722401851815	0.18288851978069753
AT1G69530	3	0.0	-0.05405845618710889	1.1725722401851815	0.18288851978069753
AT1G69870	30	0.0	-1.2882399921645868	0.09988387045345813	0.025743896811097074
AT1G69880	54	0.0	0.3771300409299969	3.335724847686452E-5	0.6287364023251248
AT1G70290	54	0.0	0.3771300409299969	3.335724847686452E-5	0.6287364023251248
AT1G70700	12	0.0	-0.05405845618710889	-1.2587284397880956	-0.30026268649523424
AT1G70830	57	0.0	0.3771300409299969	3.335724847686452E-5	-1.053024160016212
AT1G70850	9	0.0	-0.05405845618710889	-1.2587284397880956	0.1444381508412012
AT1G71880	18	0.0	-0.05405845618710889	1.733973605752198	0.005205079536601199
AT1G72030	9	0.0	-0.05405845618710889	-1.2587284397880956	0.1444381508412012
AT1G72060	54	0.0	0.3771300409299969	3.335724847686452E-5	0.6287364023251248
AT1G72240	27	0.0	-1.2882399921645868	0.09988387045345813	-0.7174918992040913
AT1G72360	18	0.0	-0.05405845618710889	1.733973605752198	0.005205079536601199
AT1G72416	18	0.0	-0.05405845618710889	1.733973605752198	0.005205079536601199
AT1G72450	3	0.0	-0.05405845618710889	1.1725722401851815	0.18288851978069753
AT1G72610	33	0.0	-1.2882399921645868	0.09988387045345813	0.8003500524860573
AT1G72770	9	0.0	-0.05405845618710889	-1.2587284397880956	0.1444381508412012
AT1G72790	3	0.0	-0.05405845618710889	1.1725722401851815	0.18288851978069753
AT1G73120	57	0.0	0.3771300409299969	3.335724847686452E-5	-1.053024160016212
AT1G73260	9	0.0	-0.05405845618710889	-1.2587284397880956	0.1444381508412012
AT1G73330	54	0.0	0.3771300409299969	3.335724847686452E-5	0.6287364023251248
AT1G73600	30	0.0	-1.2882399921645868	0.09988387045345813	0.025743896811097074
AT1G73630	30	0.0	-1.2882399921645868	0.09988387045345813	0.025743896811097074
AT1G74310	0	0.0	-0.05405845618710889	1.1725722401851815	-0.1771189743682722
AT1G74460	30	0.0	-1.2882399921645868	0.09988387045345813	0.025743896811097074
AT1G74670	54	0.0	0.3771300409299969	3.335724847686452E-5	0.6287364023251248
AT1G74890	54	0.0	0.3771300409299969	3.335724847686452E-5	0.6287364023251248
AT1G75750	57	0.0	0.3771300409299969	3.335724847686452E-5	-1.053024160016212
AT1G75785	3	0.0	-0.05405845618710889	1.1725722401851815	0.18288851978069753
AT1G76040	3	0.0	-0.05405845618710889	1.1725722401851815	0.18288851978069753
AT1G76410	54	0.0	0.3771300409299969	3.335724847686452E-5	0.6287364023251248
AT1G76590	54	0.0	0.3771300409299969	3.335724847686452E-5	0.6287364023251248
AT1G77120	33	0.0	-1.2882399921645868	0.09988387045345813	0.8003500524860573
AT1G77450	12	0.0	-0.05405845618710889	-1.2587284397880956	-0.30026268649523424
AT1G77520	60	0.0	0.3771300409299969	3.335724847686452E-5	1.6552938207785735
AT1G77530	60	0.0	0.3771300409299969	3.335724847686452E-5	1.6552938207785735
AT1G77760	30	0.0	-1.2882399921645868	0.09988387045345813	0.025743896811097074
AT1G78070	27	0.0	-1.2882399921645868	0.09988387045345813	-0.7174918992040913
AT1G78270	57	0.0	0.3771300409299969	3.335724847686452E-5	-1.053024160016212
AT1G78340	57	0.0	0.3771300409299969	3.335724847686452E-5	-1.053024160016212
AT1G78450	9	0.0	-0.05405845618710889	-1.2587284397880956	0.1444381508412012
AT1G78530	27	0.0	-1.2882399921645868	0.09988387045345813	-0.7174918992040913
AT1G78990	30	0.0	-1.2882399921645868	0.09988387045345813	0.025743896811097074
AT1G80160	54	0.0	0.3771300409299969	3.335724847686452E-5	0.6287364023251248
AT1G80310	57	0.0	0.3771300409299969	3.335724847686452E-5	-1.053024160016212
AT1G80320	33	0.0	-1.2882399921645868	0.09988387045345813	0.8003500524860573
AT1G80380	54	0.0	0.3771300409299969	3.335724847686452E-5	0.6287364023251248
AT1G80440	54	0.0	0.3771300409299969	3.335724847686452E-5	0.6287364023251248
AT1G80920	54	0.0	0.3771300409299969	3.335724847686452E-5	0.6287364023251248
AT2G01010	54	0.0	0.3771300409299969	3.335724847686452E-5	0.6287364023251248
AT2G01180	0	0.0	-0.05405845618710889	1.1725722401851815	-0.1771189743682722
AT2G01520	33	0.0	-1.2882399921645868	0.09988387045345813	0.8003500524860573
AT2G01610	33	0.0	-1.2882399921645868	0.09988387045345813	0.8003500524860573
AT2G01890	0	0.0	-0.05405845618710889	1.1725722401851815	-0.1771189743682722
AT2G02170	3	0.0	-0.05405845618710889	1.1725722401851815	0.18288851978069753
AT2G02710	54	0.0	0.3771300409299969	3.335724847686452E-5	0.6287364023251248
AT2G03090	30	0.0	-1.2882399921645868	0.09988387045345813	0.025743896811097074
AT2G03200	30	0.0	-1.2882399921645868	0.09988387045345813	0.025743896811097074
AT2G03590	3	0.0	-0.05405845618710889	1.1725722401851815	0.18288851978069753
AT2G04040	54	0.0	0.3771300409299969	3.335724847686452E-5	0.6287364023251248
AT2G05070	57	0.0	0.3771300409299969	3.335724847686452E-5	-1.053024160016212
AT2G05100	27	0.0	-1.2882399921645868	0.09988387045345813	-0.7174918992040913
AT2G05230	54	0.0	0.3771300409299969	3.335724847686452E-5	0.6287364023251248
AT2G05250	9	0.0	-0.05405845618710889	-1.2587284397880956	0.1444381508412012
AT2G05380	57	0.0	0.3771300409299969	3.335724847686452E-5	-1.053024160016212
AT2G05440	30	0.0	-1.2882399921645868	0.09988387045345813	0.025743896811097074
AT2G05510	60	0.0	0.3771300409299969	3.335724847686452E-5	1.6552938207785735
AT2G05520	57	0.0	0.3771300409299969	3.335724847686452E-5	-1.053024160016212
AT2G05540	57	0.0	0.3771300409299969	3.335724847686452E-5	-1.053024160016212
AT2G07180	9	0.0	-0.05405845618710889	-1.2587284397880956	0.1444381508412012
AT2G08650	12	0.0	-0.05405845618710889	-1.2587284397880956	-0.30026268649523424
AT2G08665	57	0.0	0.3771300409299969	3.335724847686452E-5	-1.053024160016212
AT2G14247	18	0.0	-0.05405845618710889	1.733973605752198	0.005205079536601199
AT2G14890	3	0.0	-0.05405845618710889	1.1725722401851815	0.18288851978069753
AT2G15570	0	0.0	-0.05405845618710889	1.1725722401851815	-0.1771189743682722
AT2G15880	54	0.0	0.3771300409299969	3.335724847686452E-5	0.6287364023251248
AT2G15890	54	0.0	0.3771300409299969	3.335724847686452E-5	0.6287364023251248
AT2G15960	9	0.0	-0.05405845618710889	-1.2587284397880956	0.1444381508412012
AT2G15970	57	0.0	0.3771300409299969	3.335724847686452E-5	-1.053024160016212
AT2G16060	54	0.0	0.3771300409299969	3.335724847686452E-5	0.6287364023251248
AT2G16890	27	0.0	-1.2882399921645868	0.09988387045345813	-0.7174918992040913
AT2G17450	54	0.0	0.3771300409299969	3.335724847686452E-5	0.6287364023251248
AT2G17760	30	0.0	-1.2882399921645868	0.09988387045345813	0.025743896811097074
AT2G18150	54	0.0	0.3771300409299969	3.335724847686452E-5	0.6287364023251248
AT2G18230	3	0.0	-0.05405845618710889	1.1725722401851815	0.18288851978069753
AT2G18328	33	0.0	-1.2882399921645868	0.09988387045345813	0.8003500524860573
AT2G18700	54	0.0	0.3771300409299969	3.335724847686452E-5	0.6287364023251248
AT2G18910	3	0.0	-0.05405845618710889	1.1725722401851815	0.18288851978069753
AT2G19572	54	0.0	0.3771300409299969	3.335724847686452E-5	0.6287364023251248
AT2G19800	12	0.0	-0.05405845618710889	-1.2587284397880956	-0.30026268649523424
AT2G19810	9	0.0	-0.05405845618710889	-1.2587284397880956	0.1444381508412012
AT2G20340	30	0.0	-1.2882399921645868	0.09988387045345813	0.025743896811097074
AT2G20635	9	0.0	-0.05405845618710889	-1.2587284397880956	0.1444381508412012
AT2G20670	54	0.0	0.3771300409299969	3.335724847686452E-5	0.6287364023251248
AT2G20750	18	0.0	-0.05405845618710889	1.733973605752198	0.005205079536601199
AT2G21100	30	0.0	-1.2882399921645868	0.09988387045345813	0.025743896811097074
AT2G21185	9	0.0	-0.05405845618710889	-1.2587284397880956	0.1444381508412012
AT2G21590	3	0.0	-0.05405845618710889	1.1725722401851815	0.18288851978069753
AT2G22240	30	0.0	-1.2882399921645868	0.09988387045345813	0.025743896811097074
AT2G22450	9	0.0	-0.05405845618710889	-1.2587284397880956	0.1444381508412012
AT2G22470	0	0.0	-0.05405845618710889	1.1725722401851815	-0.1771189743682722
AT2G22500	18	0.0	-0.05405845618710889	1.733973605752198	0.005205079536601199
AT2G22510	30	0.0	-1.2882399921645868	0.09988387045345813	0.025743896811097074
AT2G22540	30	0.0	-1.2882399921645868	0.09988387045345813	0.025743896811097074
AT2G22590	27	0.0	-1.2882399921645868	0.09988387045345813	-0.7174918992040913
AT2G22860	60	0.0	0.3771300409299969	3.335724847686452E-5	1.6552938207785735
AT2G23010	54	0.0	0.3771300409299969	3.335724847686452E-5	0.6287364023251248
AT2G23540	30	0.0	-1.2882399921645868	0.09988387045345813	0.025743896811097074
AT2G23910	27	0.0	-1.2882399921645868	0.09988387045345813	-0.7174918992040913
AT2G24545	9	0.0	-0.05405845618710889	-1.2587284397880956	0.1444381508412012
AT2G24762	3	0.0	-0.05405845618710889	1.1725722401851815	0.18288851978069753
AT2G25000	0	0.0	-0.05405845618710889	1.1725722401851815	-0.1771189743682722
AT2G25090	12	0.0	-0.05405845618710889	-1.2587284397880956	-0.30026268649523424
AT2G25450	12	0.0	-0.05405845618710889	-1.2587284397880956	-0.30026268649523424
AT2G25510	57	0.0	0.3771300409299969	3.335724847686452E-5	-1.053024160016212
AT2G25530	27	0.0	-1.2882399921645868	0.09988387045345813	-0.7174918992040913
AT2G25900	60	0.0	0.3771300409299969	3.335724847686452E-5	1.6552938207785735
AT2G26500	12	0.0	-0.05405845618710889	-1.2587284397880956	-0.30026268649523424
AT2G26760	12	0.0	-0.05405845618710889	-1.2587284397880956	-0.30026268649523424
AT2G27402	33	0.0	-1.2882399921645868	0.09988387045345813	0.8003500524860573
AT2G27690	18	0.0	-0.05405845618710889	1.733973605752198	0.005205079536601199
AT2G28140	33	0.0	-1.2882399921645868	0.09988387045345813	0.8003500524860573
AT2G28260	3	0.0	-0.05405845618710889	1.1725722401851815	0.18288851978069753
AT2G28470	27	0.0	-1.2882399921645868	0.09988387045345813	-0.7174918992040913
AT2G28570	6	0.0	-0.05405845618710889	1.1725722401851815	0.7476762431544676
AT2G28671	27	0.0	-1.2882399921645868	0.09988387045345813	-0.7174918992040913
AT2G28780	18	0.0	-0.05405845618710889	1.733973605752198	0.005205079536601199
AT2G28950	33	0.0	-1.2882399921645868	0.09988387045345813	0.8003500524860573
AT2G29060	3	0.0	-0.05405845618710889	1.1725722401851815	0.18288851978069753
AT2G29630	9	0.0	-0.05405845618710889	-1.2587284397880956	0.1444381508412012
AT2G29730	0	0.0	-0.05405845618710889	1.1725722401851815	-0.1771189743682722
AT2G29740	0	0.0	-0.05405845618710889	1.1725722401851815	-0.1771189743682722
AT2G29750	18	0.0	-0.05405845618710889	1.733973605752198	0.005205079536601199
AT2G30210	30	0.0	-1.2882399921645868	0.09988387045345813	0.025743896811097074
AT2G30600	9	0.0	-0.05405845618710889	-1.2587284397880956	0.1444381508412012
AT2G30766	60	0.0	0.3771300409299969	3.335724847686452E-5	1.6552938207785735
AT2G30820	30	0.0	-1.2882399921645868	0.09988387045345813	0.025743896811097074
AT2G30870	0	0.0	-0.05405845618710889	1.1725722401851815	-0.1771189743682722
AT2G31110	0	0.0	-0.05405845618710889	1.1725722401851815	-0.1771189743682722
AT2G31380	27	0.0	-1.2882399921645868	0.09988387045345813	-0.7174918992040913
AT2G31390	0	0.0	-0.05405845618710889	1.1725722401851815	-0.1771189743682722
AT2G31680	0	0.0	-0.05405845618710889	1.1725722401851815	-0.1771189743682722
AT2G31810	9	0.0	-0.05405845618710889	-1.2587284397880956	0.1444381508412012
AT2G31980	18	0.0	-0.05405845618710889	1.733973605752198	0.005205079536601199
AT2G32150	54	0.0	0.3771300409299969	3.335724847686452E-5	0.6287364023251248
AT2G32300	27	0.0	-1.2882399921645868	0.09988387045345813	-0.7174918992040913
AT2G32550	3	0.0	-0.05405845618710889	1.1725722401851815	0.18288851978069753
AT2G33770	30	0.0	-1.2882399921645868	0.09988387045345813	0.025743896811097074
AT2G33830	54	0.0	0.3771300409299969	3.335724847686452E-5	0.6287364023251248
AT2G33850	54	0.0	0.3771300409299969	3.335724847686452E-5	0.6287364023251248
AT2G34180	57	0.0	0.3771300409299969	3.335724847686452E-5	-1.053024160016212
AT2G34420	54	0.0	0.3771300409299969	3.335724847686452E-5	0.6287364023251248
AT2G34600	9	0.0	-0.05405845618710889	-1.2587284397880956	0.1444381508412012
AT2G34810	57	0.0	0.3771300409299969	3.335724847686452E-5	-1.053024160016212
AT2G35290	18	0.0	-0.05405845618710889	1.733973605752198	0.005205079536601199
AT2G35380	30	0.0	-1.2882399921645868	0.09988387045345813	0.025743896811097074
AT2G35760	3	0.0	-0.05405845618710889	1.1725722401851815	0.18288851978069753
AT2G36100	27	0.0	-1.2882399921645868	0.09988387045345813	-0.7174918992040913
AT2G36430	12	0.0	-0.05405845618710889	-1.2587284397880956	-0.30026268649523424
AT2G36490	54	0.0	0.3771300409299969	3.335724847686452E-5	0.6287364023251248
AT2G36570	30	0.0	-1.2882399921645868	0.09988387045345813	0.025743896811097074
AT2G36870	30	0.0	-1.2882399921645868	0.09988387045345813	0.025743896811097074
AT2G36885	9	0.0	-0.05405845618710889	-1.2587284397880956	0.1444381508412012
AT2G37180	57	0.0	0.3771300409299969	3.335724847686452E-5	-1.053024160016212
AT2G37870	57	0.0	0.3771300409299969	3.335724847686452E-5	-1.053024160016212
AT2G38110	30	0.0	-1.2882399921645868	0.09988387045345813	0.025743896811097074
AT2G38180	3	0.0	-0.05405845618710889	1.1725722401851815	0.18288851978069753
AT2G38210	12	0.0	-0.05405845618710889	-1.2587284397880956	-0.30026268649523424
AT2G38230	12	0.0	-0.05405845618710889	-1.2587284397880956	-0.30026268649523424
AT2G38280	3	0.0	-0.05405845618710889	1.1725722401851815	0.18288851978069753
AT2G38310	0	0.0	-0.05405845618710889	1.1725722401851815	-0.1771189743682722
AT2G38380	27	0.0	-1.2882399921645868	0.09988387045345813	-0.7174918992040913
AT2G38530	57	0.0	0.3771300409299969	3.335724847686452E-5	-1.053024160016212
AT2G38640	18	0.0	-0.05405845618710889	1.733973605752198	0.005205079536601199
AT2G38800	9	0.0	-0.05405845618710889	-1.2587284397880956	0.1444381508412012
AT2G38820	9	0.0	-0.05405845618710889	-1.2587284397880956	0.1444381508412012
AT2G38870	57	0.0	0.3771300409299969	3.335724847686452E-5	-1.053024160016212
AT2G39000	9	0.0	-0.05405845618710889	-1.2587284397880956	0.1444381508412012
AT2G39130	18	0.0	-0.05405845618710889	1.733973605752198	0.005205079536601199
AT2G39180	3	0.0	-0.05405845618710889	1.1725722401851815	0.18288851978069753
AT2G39220	33	0.0	-1.2882399921645868	0.09988387045345813	0.8003500524860573
AT2G39310	9	0.0	-0.05405845618710889	-1.2587284397880956	0.1444381508412012
AT2G39400	54	0.0	0.3771300409299969	3.335724847686452E-5	0.6287364023251248
AT2G39430	27	0.0	-1.2882399921645868	0.09988387045345813	-0.7174918992040913
AT2G39510	3	0.0	-0.05405845618710889	1.1725722401851815	0.18288851978069753
AT2G39570	54	0.0	0.3771300409299969	3.335724847686452E-5	0.6287364023251248
AT2G39650	0	0.0	-0.05405845618710889	1.1725722401851815	-0.1771189743682722
AT2G39980	6	0.0	-0.05405845618710889	1.1725722401851815	0.7476762431544676
AT2G40130	54	0.0	0.3771300409299969	3.335724847686452E-5	0.6287364023251248
AT2G40300	57	0.0	0.3771300409299969	3.335724847686452E-5	-1.053024160016212
AT2G40370	30	0.0	-1.2882399921645868	0.09988387045345813	0.025743896811097074
AT2G40460	27	0.0	-1.2882399921645868	0.09988387045345813	-0.7174918992040913
AT2G40610	3	0.0	-0.05405845618710889	1.1725722401851815	0.18288851978069753
AT2G40940	3	0.0	-0.05405845618710889	1.1725722401851815	0.18288851978069753
AT2G41190	0	0.0	-0.05405845618710889	1.1725722401851815	-0.1771189743682722
AT2G41230	54	0.0	0.3771300409299969	3.335724847686452E-5	0.6287364023251248
AT2G41240	54	0.0	0.3771300409299969	3.335724847686452E-5	0.6287364023251248
AT2G41410	0	0.0	-0.05405845618710889	1.1725722401851815	-0.1771189743682722
AT2G41480	27	0.0	-1.2882399921645868	0.09988387045345813	-0.7174918992040913
AT2G41990	3	0.0	-0.05405845618710889	1.1725722401851815	0.18288851978069753
AT2G42247	33	0.0	-1.2882399921645868	0.09988387045345813	0.8003500524860573
AT2G42320	3	0.0	-0.05405845618710889	1.1725722401851815	0.18288851978069753
AT2G42610	33	0.0	-1.2882399921645868	0.09988387045345813	0.8003500524860573
AT2G42870	54	0.0	0.3771300409299969	3.335724847686452E-5	0.6287364023251248
AT2G43100	9	0.0	-0.05405845618710889	-1.2587284397880956	0.1444381508412012
AT2G43120	18	0.0	-0.05405845618710889	1.733973605752198	0.005205079536601199
AT2G43140	54	0.0	0.3771300409299969	3.335724847686452E-5	0.6287364023251248
AT2G43510	57	0.0	0.3771300409299969	3.335724847686452E-5	-1.053024160016212
AT2G43535	54	0.0	0.3771300409299969	3.335724847686452E-5	0.6287364023251248
AT2G43540	9	0.0	-0.05405845618710889	-1.2587284397880956	0.1444381508412012
AT2G43590	30	0.0	-1.2882399921645868	0.09988387045345813	0.025743896811097074
AT2G44080	54	0.0	0.3771300409299969	3.335724847686452E-5	0.6287364023251248
AT2G44230	30	0.0	-1.2882399921645868	0.09988387045345813	0.025743896811097074
AT2G44300	0	0.0	-0.05405845618710889	1.1725722401851815	-0.1771189743682722
AT2G44940	27	0.0	-1.2882399921645868	0.09988387045345813	-0.7174918992040913
AT2G45210	3	0.0	-0.05405845618710889	1.1725722401851815	0.18288851978069753
AT2G45220	9	0.0	-0.05405845618710889	-1.2587284397880956	0.1444381508412012
AT2G45560	12	0.0	-0.05405845618710889	-1.2587284397880956	-0.30026268649523424
AT2G45660	33	0.0	-1.2882399921645868	0.09988387045345813	0.8003500524860573
AT2G45680	57	0.0	0.3771300409299969	3.335724847686452E-5	-1.053024160016212
AT2G45685	0	0.0	-0.05405845618710889	1.1725722401851815	-0.1771189743682722
AT2G46630	18	0.0	-0.05405845618710889	1.733973605752198	0.005205079536601199
AT2G46790	57	0.0	0.3771300409299969	3.335724847686452E-5	-1.053024160016212
AT2G46830	27	0.0	-1.2882399921645868	0.09988387045345813	-0.7174918992040913
AT2G47000	0	0.0	-0.05405845618710889	1.1725722401851815	-0.1771189743682722
AT2G47010	30	0.0	-1.2882399921645868	0.09988387045345813	0.025743896811097074
AT2G47180	33	0.0	-1.2882399921645868	0.09988387045345813	0.8003500524860573
AT2G47460	57	0.0	0.3771300409299969	3.335724847686452E-5	-1.053024160016212
AT2G47560	27	0.0	-1.2882399921645868	0.09988387045345813	-0.7174918992040913
AT2G47890	12	0.0	-0.05405845618710889	-1.2587284397880956	-0.30026268649523424
AT2G48130	27	0.0	-1.2882399921645868	0.09988387045345813	-0.7174918992040913
AT2G48140	30	0.0	-1.2882399921645868	0.09988387045345813	0.025743896811097074
AT3G01205	27	0.0	-1.2882399921645868	0.09988387045345813	-0.7174918992040913
AT3G01310	9	0.0	-0.05405845618710889	-1.2587284397880956	0.1444381508412012
AT3G01420	57	0.0	0.3771300409299969	3.335724847686452E-5	-1.053024160016212
AT3G01680	30	0.0	-1.2882399921645868	0.09988387045345813	0.025743896811097074
AT3G01770	9	0.0	-0.05405845618710889	-1.2587284397880956	0.1444381508412012
AT3G01970	54	0.0	0.3771300409299969	3.335724847686452E-5	0.6287364023251248
AT3G02230	0	0.0	-0.05405845618710889	1.1725722401851815	-0.1771189743682722
AT3G02410	3	0.0	-0.05405845618710889	1.1725722401851815	0.18288851978069753
AT3G02480	0	0.0	-0.05405845618710889	1.1725722401851815	-0.1771189743682722
AT3G02550	54	0.0	0.3771300409299969	3.335724847686452E-5	0.6287364023251248
AT3G02790	60	0.0	0.3771300409299969	3.335724847686452E-5	1.6552938207785735
AT3G02870	18	0.0	-0.05405845618710889	1.733973605752198	0.005205079536601199
AT3G02910	57	0.0	0.3771300409299969	3.335724847686452E-5	-1.053024160016212
AT3G04140	27	0.0	-1.2882399921645868	0.09988387045345813	-0.7174918992040913
AT3G05150	3	0.0	-0.05405845618710889	1.1725722401851815	0.18288851978069753
AT3G05630	18	0.0	-0.05405845618710889	1.733973605752198	0.005205079536601199
AT3G05640	0	0.0	-0.05405845618710889	1.1725722401851815	-0.1771189743682722
AT3G06390	30	0.0	-1.2882399921645868	0.09988387045345813	0.025743896811097074
AT3G07350	54	0.0	0.3771300409299969	3.335724847686452E-5	0.6287364023251248
AT3G07650	9	0.0	-0.05405845618710889	-1.2587284397880956	0.1444381508412012
AT3G07870	9	0.0	-0.05405845618710889	-1.2587284397880956	0.1444381508412012
AT3G07990	0	0.0	-0.05405845618710889	1.1725722401851815	-0.1771189743682722
AT3G08860	18	0.0	-0.05405845618710889	1.733973605752198	0.005205079536601199
AT3G09220	12	0.0	-0.05405845618710889	-1.2587284397880956	-0.30026268649523424
AT3G09440	0	0.0	-0.05405845618710889	1.1725722401851815	-0.1771189743682722
AT3G10020	9	0.0	-0.05405845618710889	-1.2587284397880956	0.1444381508412012
AT3G10040	3	0.0	-0.05405845618710889	1.1725722401851815	0.18288851978069753
AT3G10520	3	0.0	-0.05405845618710889	1.1725722401851815	0.18288851978069753
AT3G11280	0	0.0	-0.05405845618710889	1.1725722401851815	-0.1771189743682722
AT3G11430	30	0.0	-1.2882399921645868	0.09988387045345813	0.025743896811097074
AT3G11580	0	0.0	-0.05405845618710889	1.1725722401851815	-0.1771189743682722
AT3G11600	12	0.0	-0.05405845618710889	-1.2587284397880956	-0.30026268649523424
AT3G12320	27	0.0	-1.2882399921645868	0.09988387045345813	-0.7174918992040913
AT3G12500	30	0.0	-1.2882399921645868	0.09988387045345813	0.025743896811097074
AT3G12580	18	0.0	-0.05405845618710889	1.733973605752198	0.005205079536601199
AT3G12610	0	0.0	-0.05405845618710889	1.1725722401851815	-0.1771189743682722
AT3G12710	3	0.0	-0.05405845618710889	1.1725722401851815	0.18288851978069753
AT3G12920	3	0.0	-0.05405845618710889	1.1725722401851815	0.18288851978069753
AT3G13700	60	0.0	0.3771300409299969	3.335724847686452E-5	1.6552938207785735
AT3G13710	57	0.0	0.3771300409299969	3.335724847686452E-5	-1.053024160016212
AT3G13784	30	0.0	-1.2882399921645868	0.09988387045345813	0.025743896811097074
AT3G14200	57	0.0	0.3771300409299969	3.335724847686452E-5	-1.053024160016212
AT3G14230	18	0.0	-0.05405845618710889	1.733973605752198	0.005205079536601199
AT3G14420	57	0.0	0.3771300409299969	3.335724847686452E-5	-1.053024160016212
AT3G14590	0	0.0	-0.05405845618710889	1.1725722401851815	-0.1771189743682722
AT3G14810	30	0.0	-1.2882399921645868	0.09988387045345813	0.025743896811097074
AT3G15030	30	0.0	-1.2882399921645868	0.09988387045345813	0.025743896811097074
AT3G15353	9	0.0	-0.05405845618710889	-1.2587284397880956	0.1444381508412012
AT3G15450	54	0.0	0.3771300409299969	3.335724847686452E-5	0.6287364023251248
AT3G15540	3	0.0	-0.05405845618710889	1.1725722401851815	0.18288851978069753
AT3G15550	9	0.0	-0.05405845618710889	-1.2587284397880956	0.1444381508412012
AT3G15620	54	0.0	0.3771300409299969	3.335724847686452E-5	0.6287364023251248
AT3G15630	54	0.0	0.3771300409299969	3.335724847686452E-5	0.6287364023251248
AT3G16400	30	0.0	-1.2882399921645868	0.09988387045345813	0.025743896811097074
AT3G16450	9	0.0	-0.05405845618710889	-1.2587284397880956	0.1444381508412012
AT3G16690	12	0.0	-0.05405845618710889	-1.2587284397880956	-0.30026268649523424
AT3G16770	18	0.0	-0.05405845618710889	1.733973605752198	0.005205079536601199
AT3G17390	3	0.0	-0.05405845618710889	1.1725722401851815	0.18288851978069753
AT3G17580	3	0.0	-0.05405845618710889	1.1725722401851815	0.18288851978069753
AT3G17790	0	0.0	-0.05405845618710889	1.1725722401851815	-0.1771189743682722
AT3G18050	9	0.0	-0.05405845618710889	-1.2587284397880956	0.1444381508412012
AT3G18080	33	0.0	-1.2882399921645868	0.09988387045345813	0.8003500524860573
AT3G18280	3	0.0	-0.05405845618710889	1.1725722401851815	0.18288851978069753
AT3G18780	12	0.0	-0.05405845618710889	-1.2587284397880956	-0.30026268649523424
AT3G18900	33	0.0	-1.2882399921645868	0.09988387045345813	0.8003500524860573
AT3G19050	9	0.0	-0.05405845618710889	-1.2587284397880956	0.1444381508412012
AT3G19150	0	0.0	-0.05405845618710889	1.1725722401851815	-0.1771189743682722
AT3G19200	54	0.0	0.3771300409299969	3.335724847686452E-5	0.6287364023251248
AT3G19680	18	0.0	-0.05405845618710889	1.733973605752198	0.005205079536601199
AT3G19710	9	0.0	-0.05405845618710889	-1.2587284397880956	0.1444381508412012
AT3G20370	9	0.0	-0.05405845618710889	-1.2587284397880956	0.1444381508412012
AT3G20810	9	0.0	-0.05405845618710889	-1.2587284397880956	0.1444381508412012
AT3G21330	0	0.0	-0.05405845618710889	1.1725722401851815	-0.1771189743682722
AT3G21560	57	0.0	0.3771300409299969	3.335724847686452E-5	-1.053024160016212
AT3G21690	27	0.0	-1.2882399921645868	0.09988387045345813	-0.7174918992040913
AT3G21720	54	0.0	0.3771300409299969	3.335724847686452E-5	0.6287364023251248
AT3G21770	30	0.0	-1.2882399921645868	0.09988387045345813	0.025743896811097074
AT3G21890	27	0.0	-1.2882399921645868	0.09988387045345813	-0.7174918992040913
AT3G22060	9	0.0	-0.05405845618710889	-1.2587284397880956	0.1444381508412012
AT3G22120	60	0.0	0.3771300409299969	3.335724847686452E-5	1.6552938207785735
AT3G22550	54	0.0	0.3771300409299969	3.335724847686452E-5	0.6287364023251248
AT3G22600	27	0.0	-1.2882399921645868	0.09988387045345813	-0.7174918992040913
AT3G22620	27	0.0	-1.2882399921645868	0.09988387045345813	-0.7174918992040913
AT3G22760	9	0.0	-0.05405845618710889	-1.2587284397880956	0.1444381508412012
AT3G22840	57	0.0	0.3771300409299969	3.335724847686452E-5	-1.053024160016212
AT3G22880	9	0.0	-0.05405845618710889	-1.2587284397880956	0.1444381508412012
AT3G22970	9	0.0	-0.05405845618710889	-1.2587284397880956	0.1444381508412012
AT3G23150	54	0.0	0.3771300409299969	3.335724847686452E-5	0.6287364023251248
AT3G23290	60	0.0	0.3771300409299969	3.335724847686452E-5	1.6552938207785735
AT3G23570	9	0.0	-0.05405845618710889	-1.2587284397880956	0.1444381508412012
AT3G23670	9	0.0	-0.05405845618710889	-1.2587284397880956	0.1444381508412012
AT3G23800	57	0.0	0.3771300409299969	3.335724847686452E-5	-1.053024160016212
AT3G23880	54	0.0	0.3771300409299969	3.335724847686452E-5	0.6287364023251248
AT3G23890	9	0.0	-0.05405845618710889	-1.2587284397880956	0.1444381508412012
AT3G24020	27	0.0	-1.2882399921645868	0.09988387045345813	-0.7174918992040913
AT3G24460	12	0.0	-0.05405845618710889	-1.2587284397880956	-0.30026268649523424
AT3G24520	27	0.0	-1.2882399921645868	0.09988387045345813	-0.7174918992040913
AT3G25190	57	0.0	0.3771300409299969	3.335724847686452E-5	-1.053024160016212
AT3G25290	0	0.0	-0.05405845618710889	1.1725722401851815	-0.1771189743682722
AT3G25640	27	0.0	-1.2882399921645868	0.09988387045345813	-0.7174918992040913
AT3G25780	3	0.0	-0.05405845618710889	1.1725722401851815	0.18288851978069753
AT3G25820	33	0.0	-1.2882399921645868	0.09988387045345813	0.8003500524860573
AT3G26040	33	0.0	-1.2882399921645868	0.09988387045345813	0.8003500524860573
AT3G26460	54	0.0	0.3771300409299969	3.335724847686452E-5	0.6287364023251248
AT3G26580	9	0.0	-0.05405845618710889	-1.2587284397880956	0.1444381508412012
AT3G26740	54	0.0	0.3771300409299969	3.335724847686452E-5	0.6287364023251248
AT3G26840	3	0.0	-0.05405845618710889	1.1725722401851815	0.18288851978069753
AT3G27400	30	0.0	-1.2882399921645868	0.09988387045345813	0.025743896811097074
AT3G28420	30	0.0	-1.2882399921645868	0.09988387045345813	0.025743896811097074
AT3G28740	9	0.0	-0.05405845618710889	-1.2587284397880956	0.1444381508412012
AT3G29360	0	0.0	-0.05405845618710889	1.1725722401851815	-0.1771189743682722
AT3G29370	18	0.0	-0.05405845618710889	1.733973605752198	0.005205079536601199
AT3G32980	27	0.0	-1.2882399921645868	0.09988387045345813	-0.7174918992040913
AT3G43670	9	0.0	-0.05405845618710889	-1.2587284397880956	0.1444381508412012
AT3G43800	3	0.0	-0.05405845618710889	1.1725722401851815	0.18288851978069753
AT3G44260	18	0.0	-0.05405845618710889	1.733973605752198	0.005205079536601199
AT3G44450	27	0.0	-1.2882399921645868	0.09988387045345813	-0.7174918992040913
AT3G44540	30	0.0	-1.2882399921645868	0.09988387045345813	0.025743896811097074
AT3G44550	30	0.0	-1.2882399921645868	0.09988387045345813	0.025743896811097074
AT3G44940	30	0.0	-1.2882399921645868	0.09988387045345813	0.025743896811097074
AT3G44970	57	0.0	0.3771300409299969	3.335724847686452E-5	-1.053024160016212
AT3G44990	18	0.0	-0.05405845618710889	1.733973605752198	0.005205079536601199
AT3G45680	54	0.0	0.3771300409299969	3.335724847686452E-5	0.6287364023251248
AT3G45960	6	0.0	-0.05405845618710889	1.1725722401851815	0.7476762431544676
AT3G46110	3	0.0	-0.05405845618710889	1.1725722401851815	0.18288851978069753
AT3G47340	54	0.0	0.3771300409299969	3.335724847686452E-5	0.6287364023251248
AT3G47500	27	0.0	-1.2882399921645868	0.09988387045345813	-0.7174918992040913
AT3G47960	18	0.0	-0.05405845618710889	1.733973605752198	0.005205079536601199
AT3G48100	3	0.0	-0.05405845618710889	1.1725722401851815	0.18288851978069753
AT3G48260	18	0.0	-0.05405845618710889	1.733973605752198	0.005205079536601199
AT3G48350	33	0.0	-1.2882399921645868	0.09988387045345813	0.8003500524860573
AT3G48360	54	0.0	0.3771300409299969	3.335724847686452E-5	0.6287364023251248
AT3G48690	9	0.0	-0.05405845618710889	-1.2587284397880956	0.1444381508412012
AT3G48740	30	0.0	-1.2882399921645868	0.09988387045345813	0.025743896811097074
AT3G49790	54	0.0	0.3771300409299969	3.335724847686452E-5	0.6287364023251248
AT3G50340	0	0.0	-0.05405845618710889	1.1725722401851815	-0.1771189743682722
AT3G50350	0	0.0	-0.05405845618710889	1.1725722401851815	-0.1771189743682722
AT3G50400	30	0.0	-1.2882399921645868	0.09988387045345813	0.025743896811097074
AT3G51238	27	0.0	-1.2882399921645868	0.09988387045345813	-0.7174918992040913
AT3G51330	12	0.0	-0.05405845618710889	-1.2587284397880956	-0.30026268649523424
AT3G51600	54	0.0	0.3771300409299969	3.335724847686452E-5	0.6287364023251248
AT3G52060	9	0.0	-0.05405845618710889	-1.2587284397880956	0.1444381508412012
AT3G52070	9	0.0	-0.05405845618710889	-1.2587284397880956	0.1444381508412012
AT3G52340	3	0.0	-0.05405845618710889	1.1725722401851815	0.18288851978069753
AT3G52540	12	0.0	-0.05405845618710889	-1.2587284397880956	-0.30026268649523424
AT3G52740	27	0.0	-1.2882399921645868	0.09988387045345813	-0.7174918992040913
AT3G52940	18	0.0	-0.05405845618710889	1.733973605752198	0.005205079536601199
AT3G52950	0	0.0	-0.05405845618710889	1.1725722401851815	-0.1771189743682722
AT3G53980	18	0.0	-0.05405845618710889	1.733973605752198	0.005205079536601199
AT3G54000	18	0.0	-0.05405845618710889	1.733973605752198	0.005205079536601199
AT3G54400	18	0.0	-0.05405845618710889	1.733973605752198	0.005205079536601199
AT3G54820	30	0.0	-1.2882399921645868	0.09988387045345813	0.025743896811097074
AT3G54880	9	0.0	-0.05405845618710889	-1.2587284397880956	0.1444381508412012
AT3G54990	57	0.0	0.3771300409299969	3.335724847686452E-5	-1.053024160016212
AT3G55120	27	0.0	-1.2882399921645868	0.09988387045345813	-0.7174918992040913
AT3G55230	27	0.0	-1.2882399921645868	0.09988387045345813	-0.7174918992040913
AT3G55660	9	0.0	-0.05405845618710889	-1.2587284397880956	0.1444381508412012
AT3G55980	3	0.0	-0.05405845618710889	1.1725722401851815	0.18288851978069753
AT3G56240	0	0.0	-0.05405845618710889	1.1725722401851815	-0.1771189743682722
AT3G56290	27	0.0	-1.2882399921645868	0.09988387045345813	-0.7174918992040913
AT3G56380	6	0.0	-0.05405845618710889	1.1725722401851815	0.7476762431544676
AT3G56400	54	0.0	0.3771300409299969	3.335724847686452E-5	0.6287364023251248
AT3G56730	30	0.0	-1.2882399921645868	0.09988387045345813	0.025743896811097074
AT3G56970	54	0.0	0.3771300409299969	3.335724847686452E-5	0.6287364023251248
AT3G56980	54	0.0	0.3771300409299969	3.335724847686452E-5	0.6287364023251248
AT3G57020	12	0.0	-0.05405845618710889	-1.2587284397880956	-0.30026268649523424
AT3G57520	54	0.0	0.3771300409299969	3.335724847686452E-5	0.6287364023251248
AT3G57540	27	0.0	-1.2882399921645868	0.09988387045345813	-0.7174918992040913
AT3G57860	9	0.0	-0.05405845618710889	-1.2587284397880956	0.1444381508412012
AT3G58650	9	0.0	-0.05405845618710889	-1.2587284397880956	0.1444381508412012
AT3G59310	6	0.0	-0.05405845618710889	1.1725722401851815	0.7476762431544676
AT3G59340	12	0.0	-0.05405845618710889	-1.2587284397880956	-0.30026268649523424
AT3G59900	54	0.0	0.3771300409299969	3.335724847686452E-5	0.6287364023251248
AT3G59940	54	0.0	0.3771300409299969	3.335724847686452E-5	0.6287364023251248
AT3G60440	3	0.0	-0.05405845618710889	1.1725722401851815	0.18288851978069753
AT3G60450	0	0.0	-0.05405845618710889	1.1725722401851815	-0.1771189743682722
AT3G61060	54	0.0	0.3771300409299969	3.335724847686452E-5	0.6287364023251248
AT3G61160	9	0.0	-0.05405845618710889	-1.2587284397880956	0.1444381508412012
AT3G61210	54	0.0	0.3771300409299969	3.335724847686452E-5	0.6287364023251248
AT3G61380	0	0.0	-0.05405845618710889	1.1725722401851815	-0.1771189743682722
AT3G61640	3	0.0	-0.05405845618710889	1.1725722401851815	0.18288851978069753
AT3G61920	33	0.0	-1.2882399921645868	0.09988387045345813	0.8003500524860573
AT3G62150	6	0.0	-0.05405845618710889	1.1725722401851815	0.7476762431544676
AT3G62410	9	0.0	-0.05405845618710889	-1.2587284397880956	0.1444381508412012
AT3G62570	18	0.0	-0.05405845618710889	1.733973605752198	0.005205079536601199
AT3G62690	27	0.0	-1.2882399921645868	0.09988387045345813	-0.7174918992040913
AT3G62740	54	0.0	0.3771300409299969	3.335724847686452E-5	0.6287364023251248
AT3G62820	3	0.0	-0.05405845618710889	1.1725722401851815	0.18288851978069753
AT3G63210	9	0.0	-0.05405845618710889	-1.2587284397880956	0.1444381508412012
AT4G01060	57	0.0	0.3771300409299969	3.335724847686452E-5	-1.053024160016212
AT4G02290	33	0.0	-1.2882399921645868	0.09988387045345813	0.8003500524860573
AT4G02330	18	0.0	-0.05405845618710889	1.733973605752198	0.005205079536601199
AT4G02700	3	0.0	-0.05405845618710889	1.1725722401851815	0.18288851978069753
AT4G02850	30	0.0	-1.2882399921645868	0.09988387045345813	0.025743896811097074
AT4G03100	9	0.0	-0.05405845618710889	-1.2587284397880956	0.1444381508412012
AT4G03140	3	0.0	-0.05405845618710889	1.1725722401851815	0.18288851978069753
AT4G03190	3	0.0	-0.05405845618710889	1.1725722401851815	0.18288851978069753
AT4G03270	30	0.0	-1.2882399921645868	0.09988387045345813	0.025743896811097074
AT4G03400	18	0.0	-0.05405845618710889	1.733973605752198	0.005205079536601199
AT4G03510	9	0.0	-0.05405845618710889	-1.2587284397880956	0.1444381508412012
AT4G04020	18	0.0	-0.05405845618710889	1.733973605752198	0.005205079536601199
AT4G04330	9	0.0	-0.05405845618710889	-1.2587284397880956	0.1444381508412012
AT4G04455	18	0.0	-0.05405845618710889	1.733973605752198	0.005205079536601199
AT4G04630	9	0.0	-0.05405845618710889	-1.2587284397880956	0.1444381508412012
AT4G04750	27	0.0	-1.2882399921645868	0.09988387045345813	-0.7174918992040913
AT4G04770	12	0.0	-0.05405845618710889	-1.2587284397880956	-0.30026268649523424
AT4G04840	27	0.0	-1.2882399921645868	0.09988387045345813	-0.7174918992040913
AT4G04955	18	0.0	-0.05405845618710889	1.733973605752198	0.005205079536601199
AT4G05100	27	0.0	-1.2882399921645868	0.09988387045345813	-0.7174918992040913
AT4G05150	9	0.0	-0.05405845618710889	-1.2587284397880956	0.1444381508412012
AT4G05190	9	0.0	-0.05405845618710889	-1.2587284397880956	0.1444381508412012
AT4G08390	9	0.0	-0.05405845618710889	-1.2587284397880956	0.1444381508412012
AT4G10270	54	0.0	0.3771300409299969	3.335724847686452E-5	0.6287364023251248
AT4G10380	0	0.0	-0.05405845618710889	1.1725722401851815	-0.1771189743682722
AT4G11190	30	0.0	-1.2882399921645868	0.09988387045345813	0.025743896811097074
AT4G11290	0	0.0	-0.05405845618710889	1.1725722401851815	-0.1771189743682722
AT4G11320	33	0.0	-1.2882399921645868	0.09988387045345813	0.8003500524860573
AT4G11360	9	0.0	-0.05405845618710889	-1.2587284397880956	0.1444381508412012
AT4G12030	9	0.0	-0.05405845618710889	-1.2587284397880956	0.1444381508412012
AT4G12470	57	0.0	0.3771300409299969	3.335724847686452E-5	-1.053024160016212
AT4G13040	6	0.0	-0.05405845618710889	1.1725722401851815	0.7476762431544676
AT4G13250	54	0.0	0.3771300409299969	3.335724847686452E-5	0.6287364023251248
AT4G13505	57	0.0	0.3771300409299969	3.335724847686452E-5	-1.053024160016212
AT4G13660	18	0.0	-0.05405845618710889	1.733973605752198	0.005205079536601199
AT4G13770	54	0.0	0.3771300409299969	3.335724847686452E-5	0.6287364023251248
AT4G14060	33	0.0	-1.2882399921645868	0.09988387045345813	0.8003500524860573
AT4G14465	0	0.0	-0.05405845618710889	1.1725722401851815	-0.1771189743682722
AT4G14620	9	0.0	-0.05405845618710889	-1.2587284397880956	0.1444381508412012
AT4G14690	57	0.0	0.3771300409299969	3.335724847686452E-5	-1.053024160016212
AT4G15248	57	0.0	0.3771300409299969	3.335724847686452E-5	-1.053024160016212
AT4G15480	27	0.0	-1.2882399921645868	0.09988387045345813	-0.7174918992040913
AT4G15760	12	0.0	-0.05405845618710889	-1.2587284397880956	-0.30026268649523424
AT4G15765	9	0.0	-0.05405845618710889	-1.2587284397880956	0.1444381508412012
AT4G15990	54	0.0	0.3771300409299969	3.335724847686452E-5	0.6287364023251248
AT4G16000	9	0.0	-0.05405845618710889	-1.2587284397880956	0.1444381508412012
AT4G16190	12	0.0	-0.05405845618710889	-1.2587284397880956	-0.30026268649523424
AT4G16563	9	0.0	-0.05405845618710889	-1.2587284397880956	0.1444381508412012
AT4G16670	3	0.0	-0.05405845618710889	1.1725722401851815	0.18288851978069753
AT4G16980	30	0.0	-1.2882399921645868	0.09988387045345813	0.025743896811097074
AT4G16983	30	0.0	-1.2882399921645868	0.09988387045345813	0.025743896811097074
AT4G17030	3	0.0	-0.05405845618710889	1.1725722401851815	0.18288851978069753
AT4G17090	12	0.0	-0.05405845618710889	-1.2587284397880956	-0.30026268649523424
AT4G17670	30	0.0	-1.2882399921645868	0.09988387045345813	0.025743896811097074
AT4G18070	0	0.0	-0.05405845618710889	1.1725722401851815	-0.1771189743682722
AT4G18390	33	0.0	-1.2882399921645868	0.09988387045345813	0.8003500524860573
AT4G18440	3	0.0	-0.05405845618710889	1.1725722401851815	0.18288851978069753
AT4G19120	18	0.0	-0.05405845618710889	1.733973605752198	0.005205079536601199
AT4G19230	18	0.0	-0.05405845618710889	1.733973605752198	0.005205079536601199
AT4G19520	0	0.0	-0.05405845618710889	1.1725722401851815	-0.1771189743682722
AT4G19645	30	0.0	-1.2882399921645868	0.09988387045345813	0.025743896811097074
AT4G19810	3	0.0	-0.05405845618710889	1.1725722401851815	0.18288851978069753
AT4G20240	0	0.0	-0.05405845618710889	1.1725722401851815	-0.1771189743682722
AT4G20390	30	0.0	-1.2882399921645868	0.09988387045345813	0.025743896811097074
AT4G21400	18	0.0	-0.05405845618710889	1.733973605752198	0.005205079536601199
AT4G21410	18	0.0	-0.05405845618710889	1.733973605752198	0.005205079536601199
AT4G21680	57	0.0	0.3771300409299969	3.335724847686452E-5	-1.053024160016212
AT4G21870	18	0.0	-0.05405845618710889	1.733973605752198	0.005205079536601199
AT4G22590	57	0.0	0.3771300409299969	3.335724847686452E-5	-1.053024160016212
AT4G22730	33	0.0	-1.2882399921645868	0.09988387045345813	0.8003500524860573
AT4G23670	54	0.0	0.3771300409299969	3.335724847686452E-5	0.6287364023251248
AT4G23680	6	0.0	-0.05405845618710889	1.1725722401851815	0.7476762431544676
AT4G23750	18	0.0	-0.05405845618710889	1.733973605752198	0.005205079536601199
AT4G24015	60	0.0	0.3771300409299969	3.335724847686452E-5	1.6552938207785735
AT4G24130	30	0.0	-1.2882399921645868	0.09988387045345813	0.025743896811097074
AT4G24140	30	0.0	-1.2882399921645868	0.09988387045345813	0.025743896811097074
AT4G24230	9	0.0	-0.05405845618710889	-1.2587284397880956	0.1444381508412012
AT4G24275	18	0.0	-0.05405845618710889	1.733973605752198	0.005205079536601199
AT4G24350	54	0.0	0.3771300409299969	3.335724847686452E-5	0.6287364023251248
AT4G24570	3	0.0	-0.05405845618710889	1.1725722401851815	0.18288851978069753
AT4G25100	18	0.0	-0.05405845618710889	1.733973605752198	0.005205079536601199
AT4G25260	0	0.0	-0.05405845618710889	1.1725722401851815	-0.1771189743682722
AT4G25640	27	0.0	-1.2882399921645868	0.09988387045345813	-0.7174918992040913
AT4G25700	27	0.0	-1.2882399921645868	0.09988387045345813	-0.7174918992040913
AT4G26488	18	0.0	-0.05405845618710889	1.733973605752198	0.005205079536601199
AT4G26790	30	0.0	-1.2882399921645868	0.09988387045345813	0.025743896811097074
AT4G26890	18	0.0	-0.05405845618710889	1.733973605752198	0.005205079536601199
AT4G27280	3	0.0	-0.05405845618710889	1.1725722401851815	0.18288851978069753
AT4G27310	27	0.0	-1.2882399921645868	0.09988387045345813	-0.7174918992040913
AT4G27450	54	0.0	0.3771300409299969	3.335724847686452E-5	0.6287364023251248
AT4G27520	30	0.0	-1.2882399921645868	0.09988387045345813	0.025743896811097074
AT4G27900	3	0.0	-0.05405845618710889	1.1725722401851815	0.18288851978069753
AT4G27970	18	0.0	-0.05405845618710889	1.733973605752198	0.005205079536601199
AT4G28270	54	0.0	0.3771300409299969	3.335724847686452E-5	0.6287364023251248
AT4G29190	9	0.0	-0.05405845618710889	-1.2587284397880956	0.1444381508412012
AT4G29310	3	0.0	-0.05405845618710889	1.1725722401851815	0.18288851978069753
AT4G29780	3	0.0	-0.05405845618710889	1.1725722401851815	0.18288851978069753
AT4G29905	9	0.0	-0.05405845618710889	-1.2587284397880956	0.1444381508412012
AT4G30060	18	0.0	-0.05405845618710889	1.733973605752198	0.005205079536601199
AT4G30140	12	0.0	-0.05405845618710889	-1.2587284397880956	-0.30026268649523424
AT4G30170	0	0.0	-0.05405845618710889	1.1725722401851815	-0.1771189743682722
AT4G30270	54	0.0	0.3771300409299969	3.335724847686452E-5	0.6287364023251248
AT4G30280	0	0.0	-0.05405845618710889	1.1725722401851815	-0.1771189743682722
AT4G30290	54	0.0	0.3771300409299969	3.335724847686452E-5	0.6287364023251248
AT4G30490	18	0.0	-0.05405845618710889	1.733973605752198	0.005205079536601199
AT4G31290	9	0.0	-0.05405845618710889	-1.2587284397880956	0.1444381508412012
AT4G31550	0	0.0	-0.05405845618710889	1.1725722401851815	-0.1771189743682722
AT4G31800	54	0.0	0.3771300409299969	3.335724847686452E-5	0.6287364023251248
AT4G32340	12	0.0	-0.05405845618710889	-1.2587284397880956	-0.30026268649523424
AT4G32460	0	0.0	-0.05405845618710889	1.1725722401851815	-0.1771189743682722
AT4G32480	54	0.0	0.3771300409299969	3.335724847686452E-5	0.6287364023251248
AT4G32810	54	0.0	0.3771300409299969	3.335724847686452E-5	0.6287364023251248
AT4G33070	30	0.0	-1.2882399921645868	0.09988387045345813	0.025743896811097074
AT4G33220	3	0.0	-0.05405845618710889	1.1725722401851815	0.18288851978069753
AT4G33550	57	0.0	0.3771300409299969	3.335724847686452E-5	-1.053024160016212
AT4G33560	33	0.0	-1.2882399921645868	0.09988387045345813	0.8003500524860573
AT4G33610	30	0.0	-1.2882399921645868	0.09988387045345813	0.025743896811097074
AT4G33666	12	0.0	-0.05405845618710889	-1.2587284397880956	-0.30026268649523424
AT4G34138	12	0.0	-0.05405845618710889	-1.2587284397880956	-0.30026268649523424
AT4G34770	54	0.0	0.3771300409299969	3.335724847686452E-5	0.6287364023251248
AT4G35160	33	0.0	-1.2882399921645868	0.09988387045345813	0.8003500524860573
AT4G35190	6	0.0	-0.05405845618710889	1.1725722401851815	0.7476762431544676
AT4G35420	30	0.0	-1.2882399921645868	0.09988387045345813	0.025743896811097074
AT4G35720	18	0.0	-0.05405845618710889	1.733973605752198	0.005205079536601199
AT4G35770	54	0.0	0.3771300409299969	3.335724847686452E-5	0.6287364023251248
AT4G36010	18	0.0	-0.05405845618710889	1.733973605752198	0.005205079536601199
AT4G36030	12	0.0	-0.05405845618710889	-1.2587284397880956	-0.30026268649523424
AT4G36040	54	0.0	0.3771300409299969	3.335724847686452E-5	0.6287364023251248
AT4G36050	9	0.0	-0.05405845618710889	-1.2587284397880956	0.1444381508412012
AT4G36410	54	0.0	0.3771300409299969	3.335724847686452E-5	0.6287364023251248
AT4G36610	30	0.0	-1.2882399921645868	0.09988387045345813	0.025743896811097074
AT4G36648	3	0.0	-0.05405845618710889	1.1725722401851815	0.18288851978069753
AT4G36670	57	0.0	0.3771300409299969	3.335724847686452E-5	-1.053024160016212
AT4G36810	60	0.0	0.3771300409299969	3.335724847686452E-5	1.6552938207785735
AT4G37220	57	0.0	0.3771300409299969	3.335724847686452E-5	-1.053024160016212
AT4G37410	30	0.0	-1.2882399921645868	0.09988387045345813	0.025743896811097074
AT4G37450	3	0.0	-0.05405845618710889	1.1725722401851815	0.18288851978069753
AT4G37610	54	0.0	0.3771300409299969	3.335724847686452E-5	0.6287364023251248
AT4G37760	12	0.0	-0.05405845618710889	-1.2587284397880956	-0.30026268649523424
AT4G37800	33	0.0	-1.2882399921645868	0.09988387045345813	0.8003500524860573
AT4G37810	33	0.0	-1.2882399921645868	0.09988387045345813	0.8003500524860573
AT4G38062	9	0.0	-0.05405845618710889	-1.2587284397880956	0.1444381508412012
AT4G38080	30	0.0	-1.2882399921645868	0.09988387045345813	0.025743896811097074
AT4G38250	54	0.0	0.3771300409299969	3.335724847686452E-5	0.6287364023251248
AT4G38400	3	0.0	-0.05405845618710889	1.1725722401851815	0.18288851978069753
AT4G38410	54	0.0	0.3771300409299969	3.335724847686452E-5	0.6287364023251248
AT4G38620	27	0.0	-1.2882399921645868	0.09988387045345813	-0.7174918992040913
AT4G38770	30	0.0	-1.2882399921645868	0.09988387045345813	0.025743896811097074
AT4G38932	9	0.0	-0.05405845618710889	-1.2587284397880956	0.1444381508412012
AT4G39030	0	0.0	-0.05405845618710889	1.1725722401851815	-0.1771189743682722
AT4G39210	18	0.0	-0.05405845618710889	1.733973605752198	0.005205079536601199
AT4G39260	3	0.0	-0.05405845618710889	1.1725722401851815	0.18288851978069753
AT4G39320	30	0.0	-1.2882399921645868	0.09988387045345813	0.025743896811097074
AT4G39510	27	0.0	-1.2882399921645868	0.09988387045345813	-0.7174918992040913
AT4G39770	33	0.0	-1.2882399921645868	0.09988387045345813	0.8003500524860573
AT4G39800	3	0.0	-0.05405845618710889	1.1725722401851815	0.18288851978069753
AT4G39838	60	0.0	0.3771300409299969	3.335724847686452E-5	1.6552938207785735
AT4G39840	57	0.0	0.3771300409299969	3.335724847686452E-5	-1.053024160016212
AT4G39950	30	0.0	-1.2882399921645868	0.09988387045345813	0.025743896811097074
AT4G39955	3	0.0	-0.05405845618710889	1.1725722401851815	0.18288851978069753
AT5G01210	54	0.0	0.3771300409299969	3.335724847686452E-5	0.6287364023251248
AT5G01215	54	0.0	0.3771300409299969	3.335724847686452E-5	0.6287364023251248
AT5G01600	12	0.0	-0.05405845618710889	-1.2587284397880956	-0.30026268649523424
AT5G01810	0	0.0	-0.05405845618710889	1.1725722401851815	-0.1771189743682722
AT5G02020	54	0.0	0.3771300409299969	3.335724847686452E-5	0.6287364023251248
AT5G02200	3	0.0	-0.05405845618710889	1.1725722401851815	0.18288851978069753
AT5G02260	0	0.0	-0.05405845618710889	1.1725722401851815	-0.1771189743682722
AT5G02750	3	0.0	-0.05405845618710889	1.1725722401851815	0.18288851978069753
AT5G02810	9	0.0	-0.05405845618710889	-1.2587284397880956	0.1444381508412012
AT5G02840	9	0.0	-0.05405845618710889	-1.2587284397880956	0.1444381508412012
AT5G03190	30	0.0	-1.2882399921645868	0.09988387045345813	0.025743896811097074
AT5G03230	12	0.0	-0.05405845618710889	-1.2587284397880956	-0.30026268649523424
AT5G03240	57	0.0	0.3771300409299969	3.335724847686452E-5	-1.053024160016212
AT5G03545	9	0.0	-0.05405845618710889	-1.2587284397880956	0.1444381508412012
AT5G03680	33	0.0	-1.2882399921645868	0.09988387045345813	0.8003500524860573
AT5G03760	18	0.0	-0.05405845618710889	1.733973605752198	0.005205079536601199
AT5G04220	30	0.0	-1.2882399921645868	0.09988387045345813	0.025743896811097074
AT5G04810	9	0.0	-0.05405845618710889	-1.2587284397880956	0.1444381508412012
AT5G05270	0	0.0	-0.05405845618710889	1.1725722401851815	-0.1771189743682722
AT5G05365	18	0.0	-0.05405845618710889	1.733973605752198	0.005205079536601199
AT5G05440	3	0.0	-0.05405845618710889	1.1725722401851815	0.18288851978069753
AT5G06980	27	0.0	-1.2882399921645868	0.09988387045345813	-0.7174918992040913
AT5G07010	18	0.0	-0.05405845618710889	1.733973605752198	0.005205079536601199
AT5G07030	30	0.0	-1.2882399921645868	0.09988387045345813	0.025743896811097074
AT5G07110	0	0.0	-0.05405845618710889	1.1725722401851815	-0.1771189743682722
AT5G07130	30	0.0	-1.2882399921645868	0.09988387045345813	0.025743896811097074
AT5G07990	27	0.0	-1.2882399921645868	0.09988387045345813	-0.7174918992040913
AT5G09480	30	0.0	-1.2882399921645868	0.09988387045345813	0.025743896811097074
AT5G09520	30	0.0	-1.2882399921645868	0.09988387045345813	0.025743896811097074
AT5G09530	30	0.0	-1.2882399921645868	0.09988387045345813	0.025743896811097074
AT5G09595	27	0.0	-1.2882399921645868	0.09988387045345813	-0.7174918992040913
AT5G10100	27	0.0	-1.2882399921645868	0.09988387045345813	-0.7174918992040913
AT5G10430	18	0.0	-0.05405845618710889	1.733973605752198	0.005205079536601199
AT5G10970	30	0.0	-1.2882399921645868	0.09988387045345813	0.025743896811097074
AT5G11975	0	0.0	-0.05405845618710889	1.1725722401851815	-0.1771189743682722
AT5G12420	30	0.0	-1.2882399921645868	0.09988387045345813	0.025743896811097074
AT5G12940	18	0.0	-0.05405845618710889	1.733973605752198	0.005205079536601199
AT5G13170	18	0.0	-0.05405845618710889	1.733973605752198	0.005205079536601199
AT5G13190	3	0.0	-0.05405845618710889	1.1725722401851815	0.18288851978069753
AT5G13330	54	0.0	0.3771300409299969	3.335724847686452E-5	0.6287364023251248
AT5G13370	57	0.0	0.3771300409299969	3.335724847686452E-5	-1.053024160016212
AT5G13580	30	0.0	-1.2882399921645868	0.09988387045345813	0.025743896811097074
AT5G13790	3	0.0	-0.05405845618710889	1.1725722401851815	0.18288851978069753
AT5G13820	3	0.0	-0.05405845618710889	1.1725722401851815	0.18288851978069753
AT5G13900	27	0.0	-1.2882399921645868	0.09988387045345813	-0.7174918992040913
AT5G14000	3	0.0	-0.05405845618710889	1.1725722401851815	0.18288851978069753
AT5G14360	54	0.0	0.3771300409299969	3.335724847686452E-5	0.6287364023251248
AT5G14760	0	0.0	-0.05405845618710889	1.1725722401851815	-0.1771189743682722
AT5G14920	54	0.0	0.3771300409299969	3.335724847686452E-5	0.6287364023251248
AT5G14930	3	0.0	-0.05405845618710889	1.1725722401851815	0.18288851978069753
AT5G15120	54	0.0	0.3771300409299969	3.335724847686452E-5	0.6287364023251248
AT5G15150	0	0.0	-0.05405845618710889	1.1725722401851815	-0.1771189743682722
AT5G15790	0	0.0	-0.05405845618710889	1.1725722401851815	-0.1771189743682722
AT5G15840	3	0.0	-0.05405845618710889	1.1725722401851815	0.18288851978069753
AT5G15950	57	0.0	0.3771300409299969	3.335724847686452E-5	-1.053024160016212
AT5G15960	27	0.0	-1.2882399921645868	0.09988387045345813	-0.7174918992040913
AT5G15970	27	0.0	-1.2882399921645868	0.09988387045345813	-0.7174918992040913
AT5G16110	9	0.0	-0.05405845618710889	-1.2587284397880956	0.1444381508412012
AT5G16250	9	0.0	-0.05405845618710889	-1.2587284397880956	0.1444381508412012
AT5G17170	12	0.0	-0.05405845618710889	-1.2587284397880956	-0.30026268649523424
AT5G17230	27	0.0	-1.2882399921645868	0.09988387045345813	-0.7174918992040913
AT5G17300	12	0.0	-0.05405845618710889	-1.2587284397880956	-0.30026268649523424
AT5G17450	0	0.0	-0.05405845618710889	1.1725722401851815	-0.1771189743682722
AT5G17700	33	0.0	-1.2882399921645868	0.09988387045345813	0.8003500524860573
AT5G18140	9	0.0	-0.05405845618710889	-1.2587284397880956	0.1444381508412012
AT5G18310	3	0.0	-0.05405845618710889	1.1725722401851815	0.18288851978069753
AT5G19120	54	0.0	0.3771300409299969	3.335724847686452E-5	0.6287364023251248
AT5G19340	3	0.0	-0.05405845618710889	1.1725722401851815	0.18288851978069753
AT5G19600	54	0.0	0.3771300409299969	3.335724847686452E-5	0.6287364023251248
AT5G19770	0	0.0	-0.05405845618710889	1.1725722401851815	-0.1771189743682722
AT5G20190	3	0.0	-0.05405845618710889	1.1725722401851815	0.18288851978069753
AT5G20230	12	0.0	-0.05405845618710889	-1.2587284397880956	-0.30026268649523424
AT5G20250	54	0.0	0.3771300409299969	3.335724847686452E-5	0.6287364023251248
AT5G20270	27	0.0	-1.2882399921645868	0.09988387045345813	-0.7174918992040913
AT5G20520	9	0.0	-0.05405845618710889	-1.2587284397880956	0.1444381508412012
AT5G20790	57	0.0	0.3771300409299969	3.335724847686452E-5	-1.053024160016212
AT5G21170	9	0.0	-0.05405845618710889	-1.2587284397880956	0.1444381508412012
AT5G21482	30	0.0	-1.2882399921645868	0.09988387045345813	0.025743896811097074
AT5G21940	54	0.0	0.3771300409299969	3.335724847686452E-5	0.6287364023251248
AT5G22300	54	0.0	0.3771300409299969	3.335724847686452E-5	0.6287364023251248
AT5G22310	3	0.0	-0.05405845618710889	1.1725722401851815	0.18288851978069753
AT5G22580	18	0.0	-0.05405845618710889	1.733973605752198	0.005205079536601199
AT5G22920	54	0.0	0.3771300409299969	3.335724847686452E-5	0.6287364023251248
AT5G23010	54	0.0	0.3771300409299969	3.335724847686452E-5	0.6287364023251248
AT5G23050	9	0.0	-0.05405845618710889	-1.2587284397880956	0.1444381508412012
AT5G23190	30	0.0	-1.2882399921645868	0.09988387045345813	0.025743896811097074
AT5G23210	0	0.0	-0.05405845618710889	1.1725722401851815	-0.1771189743682722
AT5G23530	30	0.0	-1.2882399921645868	0.09988387045345813	0.025743896811097074
AT5G23870	3	0.0	-0.05405845618710889	1.1725722401851815	0.18288851978069753
AT5G23910	9	0.0	-0.05405845618710889	-1.2587284397880956	0.1444381508412012
AT5G24030	18	0.0	-0.05405845618710889	1.733973605752198	0.005205079536601199
AT5G24120	57	0.0	0.3771300409299969	3.335724847686452E-5	-1.053024160016212
AT5G24380	0	0.0	-0.05405845618710889	1.1725722401851815	-0.1771189743682722
AT5G24770	60	0.0	0.3771300409299969	3.335724847686452E-5	1.6552938207785735
AT5G24780	33	0.0	-1.2882399921645868	0.09988387045345813	0.8003500524860573
AT5G24800	9	0.0	-0.05405845618710889	-1.2587284397880956	0.1444381508412012
AT5G25120	12	0.0	-0.05405845618710889	-1.2587284397880956	-0.30026268649523424
AT5G25130	9	0.0	-0.05405845618710889	-1.2587284397880956	0.1444381508412012
AT5G25140	9	0.0	-0.05405845618710889	-1.2587284397880956	0.1444381508412012
AT5G25170	3	0.0	-0.05405845618710889	1.1725722401851815	0.18288851978069753
AT5G25190	18	0.0	-0.05405845618710889	1.733973605752198	0.005205079536601199
AT5G25350	54	0.0	0.3771300409299969	3.335724847686452E-5	0.6287364023251248
AT5G25460	18	0.0	-0.05405845618710889	1.733973605752198	0.005205079536601199
AT5G25610	57	0.0	0.3771300409299969	3.335724847686452E-5	-1.053024160016212
AT5G25830	0	0.0	-0.05405845618710889	1.1725722401851815	-0.1771189743682722
AT5G26220	3	0.0	-0.05405845618710889	1.1725722401851815	0.18288851978069753
AT5G26280	9	0.0	-0.05405845618710889	-1.2587284397880956	0.1444381508412012
AT5G27400	9	0.0	-0.05405845618710889	-1.2587284397880956	0.1444381508412012
AT5G28300	3	0.0	-0.05405845618710889	1.1725722401851815	0.18288851978069753
AT5G35732	3	0.0	-0.05405845618710889	1.1725722401851815	0.18288851978069753
AT5G36710	9	0.0	-0.05405845618710889	-1.2587284397880956	0.1444381508412012
AT5G37260	12	0.0	-0.05405845618710889	-1.2587284397880956	-0.30026268649523424
AT5G37500	3	0.0	-0.05405845618710889	1.1725722401851815	0.18288851978069753
AT5G37600	18	0.0	-0.05405845618710889	1.733973605752198	0.005205079536601199
AT5G37690	30	0.0	-1.2882399921645868	0.09988387045345813	0.025743896811097074
AT5G37990	60	0.0	0.3771300409299969	3.335724847686452E-5	1.6552938207785735
AT5G38000	54	0.0	0.3771300409299969	3.335724847686452E-5	0.6287364023251248
AT5G38020	54	0.0	0.3771300409299969	3.335724847686452E-5	0.6287364023251248
AT5G38410	57	0.0	0.3771300409299969	3.335724847686452E-5	-1.053024160016212
AT5G38420	57	0.0	0.3771300409299969	3.335724847686452E-5	-1.053024160016212
AT5G38430	57	0.0	0.3771300409299969	3.335724847686452E-5	-1.053024160016212
AT5G38940	54	0.0	0.3771300409299969	3.335724847686452E-5	0.6287364023251248
AT5G39610	3	0.0	-0.05405845618710889	1.1725722401851815	0.18288851978069753
AT5G39890	6	0.0	-0.05405845618710889	1.1725722401851815	0.7476762431544676
AT5G39970	0	0.0	-0.05405845618710889	1.1725722401851815	-0.1771189743682722
AT5G41040	27	0.0	-1.2882399921645868	0.09988387045345813	-0.7174918992040913
AT5G42092	18	0.0	-0.05405845618710889	1.733973605752198	0.005205079536601199
AT5G42180	27	0.0	-1.2882399921645868	0.09988387045345813	-0.7174918992040913
AT5G42530	54	0.0	0.3771300409299969	3.335724847686452E-5	0.6287364023251248
AT5G42900	54	0.0	0.3771300409299969	3.335724847686452E-5	0.6287364023251248
AT5G43170	0	0.0	-0.05405845618710889	1.1725722401851815	-0.1771189743682722
AT5G43330	3	0.0	-0.05405845618710889	1.1725722401851815	0.18288851978069753
AT5G43380	18	0.0	-0.05405845618710889	1.733973605752198	0.005205079536601199
AT5G43580	57	0.0	0.3771300409299969	3.335724847686452E-5	-1.053024160016212
AT5G43890	18	0.0	-0.05405845618710889	1.733973605752198	0.005205079536601199
AT5G44400	33	0.0	-1.2882399921645868	0.09988387045345813	0.8003500524860573
AT5G44550	30	0.0	-1.2882399921645868	0.09988387045345813	0.025743896811097074
AT5G44580	3	0.0	-0.05405845618710889	1.1725722401851815	0.18288851978069753
AT5G45280	18	0.0	-0.05405845618710889	1.733973605752198	0.005205079536601199
AT5G45340	18	0.0	-0.05405845618710889	1.733973605752198	0.005205079536601199
AT5G45410	12	0.0	-0.05405845618710889	-1.2587284397880956	-0.30026268649523424
AT5G45720	3	0.0	-0.05405845618710889	1.1725722401851815	0.18288851978069753
AT5G48430	18	0.0	-0.05405845618710889	1.733973605752198	0.005205079536601199
AT5G48485	33	0.0	-1.2882399921645868	0.09988387045345813	0.8003500524860573
AT5G48570	6	0.0	-0.05405845618710889	1.1725722401851815	0.7476762431544676
AT5G48900	18	0.0	-0.05405845618710889	1.733973605752198	0.005205079536601199
AT5G49360	9	0.0	-0.05405845618710889	-1.2587284397880956	0.1444381508412012
AT5G49450	54	0.0	0.3771300409299969	3.335724847686452E-5	0.6287364023251248
AT5G49645	60	0.0	0.3771300409299969	3.335724847686452E-5	1.6552938207785735
AT5G49700	54	0.0	0.3771300409299969	3.335724847686452E-5	0.6287364023251248
AT5G49730	9	0.0	-0.05405845618710889	-1.2587284397880956	0.1444381508412012
AT5G50130	33	0.0	-1.2882399921645868	0.09988387045345813	0.8003500524860573
AT5G50200	57	0.0	0.3771300409299969	3.335724847686452E-5	-1.053024160016212
AT5G50670	18	0.0	-0.05405845618710889	1.733973605752198	0.005205079536601199
AT5G50680	18	0.0	-0.05405845618710889	1.733973605752198	0.005205079536601199
AT5G51390	54	0.0	0.3771300409299969	3.335724847686452E-5	0.6287364023251248
AT5G53250	0	0.0	-0.05405845618710889	1.1725722401851815	-0.1771189743682722
AT5G53420	3	0.0	-0.05405845618710889	1.1725722401851815	0.18288851978069753
AT5G53450	0	0.0	-0.05405845618710889	1.1725722401851815	-0.1771189743682722
AT5G53750	0	0.0	-0.05405845618710889	1.1725722401851815	-0.1771189743682722
AT5G53980	54	0.0	0.3771300409299969	3.335724847686452E-5	0.6287364023251248
AT5G54080	9	0.0	-0.05405845618710889	-1.2587284397880956	0.1444381508412012
AT5G54470	27	0.0	-1.2882399921645868	0.09988387045345813	-0.7174918992040913
AT5G54490	54	0.0	0.3771300409299969	3.335724847686452E-5	0.6287364023251248
AT5G54585	12	0.0	-0.05405845618710889	-1.2587284397880956	-0.30026268649523424
AT5G54940	3	0.0	-0.05405845618710889	1.1725722401851815	0.18288851978069753
AT5G55180	30	0.0	-1.2882399921645868	0.09988387045345813	0.025743896811097074
AT5G55250	57	0.0	0.3771300409299969	3.335724847686452E-5	-1.053024160016212
AT5G55520	9	0.0	-0.05405845618710889	-1.2587284397880956	0.1444381508412012
AT5G55620	54	0.0	0.3771300409299969	3.335724847686452E-5	0.6287364023251248
AT5G56100	54	0.0	0.3771300409299969	3.335724847686452E-5	0.6287364023251248
AT5G56220	3	0.0	-0.05405845618710889	1.1725722401851815	0.18288851978069753
AT5G56230	0	0.0	-0.05405845618710889	1.1725722401851815	-0.1771189743682722
AT5G56320	3	0.0	-0.05405845618710889	1.1725722401851815	0.18288851978069753
AT5G56350	0	0.0	-0.05405845618710889	1.1725722401851815	-0.1771189743682722
AT5G56550	54	0.0	0.3771300409299969	3.335724847686452E-5	0.6287364023251248
AT5G56750	9	0.0	-0.05405845618710889	-1.2587284397880956	0.1444381508412012
AT5G56980	27	0.0	-1.2882399921645868	0.09988387045345813	-0.7174918992040913
AT5G57180	27	0.0	-1.2882399921645868	0.09988387045345813	-0.7174918992040913
AT5G57190	0	0.0	-0.05405845618710889	1.1725722401851815	-0.1771189743682722
AT5G57660	27	0.0	-1.2882399921645868	0.09988387045345813	-0.7174918992040913
AT5G57760	54	0.0	0.3771300409299969	3.335724847686452E-5	0.6287364023251248
AT5G57770	18	0.0	-0.05405845618710889	1.733973605752198	0.005205079536601199
AT5G57785	12	0.0	-0.05405845618710889	-1.2587284397880956	-0.30026268649523424
AT5G58860	30	0.0	-1.2882399921645868	0.09988387045345813	0.025743896811097074
AT5G58900	18	0.0	-0.05405845618710889	1.733973605752198	0.005205079536601199
AT5G59220	9	0.0	-0.05405845618710889	-1.2587284397880956	0.1444381508412012
AT5G59320	54	0.0	0.3771300409299969	3.335724847686452E-5	0.6287364023251248
AT5G59510	12	0.0	-0.05405845618710889	-1.2587284397880956	-0.30026268649523424
AT5G59570	9	0.0	-0.05405845618710889	-1.2587284397880956	0.1444381508412012
AT5G59730	54	0.0	0.3771300409299969	3.335724847686452E-5	0.6287364023251248
AT5G59732	12	0.0	-0.05405845618710889	-1.2587284397880956	-0.30026268649523424
AT5G60680	54	0.0	0.3771300409299969	3.335724847686452E-5	0.6287364023251248
AT5G60850	27	0.0	-1.2882399921645868	0.09988387045345813	-0.7174918992040913
AT5G61350	9	0.0	-0.05405845618710889	-1.2587284397880956	0.1444381508412012
AT5G61570	18	0.0	-0.05405845618710889	1.733973605752198	0.005205079536601199
AT5G61590	60	0.0	0.3771300409299969	3.335724847686452E-5	1.6552938207785735
AT5G61650	0	0.0	-0.05405845618710889	1.1725722401851815	-0.1771189743682722
AT5G61820	12	0.0	-0.05405845618710889	-1.2587284397880956	-0.30026268649523424
AT5G62220	30	0.0	-1.2882399921645868	0.09988387045345813	0.025743896811097074
AT5G62280	54	0.0	0.3771300409299969	3.335724847686452E-5	0.6287364023251248
AT5G62920	18	0.0	-0.05405845618710889	1.733973605752198	0.005205079536601199
AT5G63060	3	0.0	-0.05405845618710889	1.1725722401851815	0.18288851978069753
AT5G63160	54	0.0	0.3771300409299969	3.335724847686452E-5	0.6287364023251248
AT5G63190	9	0.0	-0.05405845618710889	-1.2587284397880956	0.1444381508412012
AT5G63560	33	0.0	-1.2882399921645868	0.09988387045345813	0.8003500524860573
AT5G63600	12	0.0	-0.05405845618710889	-1.2587284397880956	-0.30026268649523424
AT5G63850	18	0.0	-0.05405845618710889	1.733973605752198	0.005205079536601199
AT5G64170	57	0.0	0.3771300409299969	3.335724847686452E-5	-1.053024160016212
AT5G64330	0	0.0	-0.05405845618710889	1.1725722401851815	-0.1771189743682722
AT5G64700	27	0.0	-1.2882399921645868	0.09988387045345813	-0.7174918992040913
AT5G64750	18	0.0	-0.05405845618710889	1.733973605752198	0.005205079536601199
AT5G65207	54	0.0	0.3771300409299969	3.335724847686452E-5	0.6287364023251248
AT5G65230	30	0.0	-1.2882399921645868	0.09988387045345813	0.025743896811097074
AT5G65390	0	0.0	-0.05405845618710889	1.1725722401851815	-0.1771189743682722
AT5G65590	33	0.0	-1.2882399921645868	0.09988387045345813	0.8003500524860573
AT5G65790	30	0.0	-1.2882399921645868	0.09988387045345813	0.025743896811097074
AT5G65810	3	0.0	-0.05405845618710889	1.1725722401851815	0.18288851978069753
AT5G65900	3	0.0	-0.05405845618710889	1.1725722401851815	0.18288851978069753
AT5G66052	12	0.0	-0.05405845618710889	-1.2587284397880956	-0.30026268649523424
AT5G66170	54	0.0	0.3771300409299969	3.335724847686452E-5	0.6287364023251248
AT5G66310	3	0.0	-0.05405845618710889	1.1725722401851815	0.18288851978069753
AT5G66390	27	0.0	-1.2882399921645868	0.09988387045345813	-0.7174918992040913
AT5G67190	54	0.0	0.3771300409299969	3.335724847686452E-5	0.6287364023251248
AT5G67300	27	0.0	-1.2882399921645868	0.09988387045345813	-0.7174918992040913
AT5G67370	18	0.0	-0.05405845618710889	1.733973605752198	0.005205079536601199
AT5G67450	18	0.0	-0.05405845618710889	1.733973605752198	0.005205079536601199
AT5G67520	54	0.0	0.3771300409299969	3.335724847686452E-5	0.6287364023251248
ATCG00270	18	0.0	-0.05405845618710889	1.733973605752198	0.005205079536601199
ATCG00420	0	0.0	-0.05405845618710889	1.1725722401851815	-0.1771189743682722
ATCG00430	18	0.0	-0.05405845618710889	1.733973605752198	0.005205079536601199
ATCG00440	18	0.0	-0.05405845618710889	1.733973605752198	0.005205079536601199
ATCG00470	18	0.0	-0.05405845618710889	1.733973605752198	0.005205079536601199
ATCG00480	18	0.0	-0.05405845618710889	1.733973605752198	0.005205079536601199
ATCG00650	0	0.0	-0.05405845618710889	1.1725722401851815	-0.1771189743682722
ATCG00740	18	0.0	-0.05405845618710889	1.733973605752198	0.005205079536601199
ATCG00750	3	0.0	-0.05405845618710889	1.1725722401851815	0.18288851978069753
ATCG00770	3	0.0	-0.05405845618710889	1.1725722401851815	0.18288851978069753
ATCG00780	18	0.0	-0.05405845618710889	1.733973605752198	0.005205079536601199
ATCG00790	18	0.0	-0.05405845618710889	1.733973605752198	0.005205079536601199
ATCG00800	18	0.0	-0.05405845618710889	1.733973605752198	0.005205079536601199
ATCG00810	18	0.0	-0.05405845618710889	1.733973605752198	0.005205079536601199
ATCG00820	3	0.0	-0.05405845618710889	1.1725722401851815	0.18288851978069753
ATCG00830	3	0.0	-0.05405845618710889	1.1725722401851815	0.18288851978069753
ATCG00890	3	0.0	-0.05405845618710889	1.1725722401851815	0.18288851978069753
ATCG00900	18	0.0	-0.05405845618710889	1.733973605752198	0.005205079536601199
ATCG01110	18	0.0	-0.05405845618710889	1.733973605752198	0.005205079536601199
ATCG01130	54	0.0	0.3771300409299969	3.335724847686452E-5	0.6287364023251248
ATCG01230	3	0.0	-0.05405845618710889	1.1725722401851815	0.18288851978069753
ATCG01240	18	0.0	-0.05405845618710889	1.733973605752198	0.005205079536601199
ATCG01310	54	0.0	0.3771300409299969	3.335724847686452E-5	0.6287364023251248
